wave,flux,err,sky,path_corr,npix,norm_corr,flux_sum,profile_sum,var_sum
0.58,,,,,0.0,,0.0,0.0,0.0
0.5836851085753291,,,,,0.0,,0.0,0.0,0.0
0.5874378771811705,,,,,0.0,,0.0,0.0,0.0
0.591260215571612,,,,,0.0,,0.0,0.0,0.0
0.5951542612478814,,,,,0.0,,0.0,0.0,0.0
0.5991219350103587,,,,,0.0,,0.0,0.0,0.0
0.6031652486825945,-0.004517095147627054,0.009593075266774484,0.004839360993257091,1.3842368113755859,42.0,0.987318060033835,-0.06349742988161136,8.489520986309902,0.013972357676187552
0.6072866429848921,0.025252972117772738,0.011409764058421834,-0.007069112511428992,1.3331475898403602,39.0,0.9899460042091145,0.20147088929163118,7.205115364240013,0.01704398881711737
0.6114883288153422,0.014128467131166217,0.009289934551194335,-0.011522685647658742,1.3163318745393302,42.0,0.9914766956414534,0.11327909215791876,7.776926533251611,0.014993470247491786
0.6157725852112719,-0.004077480586404522,0.009263878591785932,-0.0014303558984376452,1.3165117797597647,48.0,0.994021598697389,0.03092628415982359,8.91458885721853,0.01734677653805502
0.6201417925338175,-0.007565127861883787,0.01026714292573103,0.002677593783052078,1.3366848099847435,42.0,0.9967117662165695,0.015813114891278793,7.253649065673778,0.013164351104097994
0.6245986421722293,-0.01693511092784451,0.009207894259130519,0.005125425424475819,1.3128764774823385,39.0,0.9977108969759281,-0.253322421630502,7.906533074045573,0.013844113228612724
0.6291457664413497,-0.01174485899413413,0.008532771116089573,0.0034893898497175982,1.3286037248167704,48.0,0.9986055971643109,-0.08269541416245219,8.927674611493593,0.016989489039318965
0.6337858404237796,0.004435672401132106,0.008971920184112813,0.006533433753050884,1.2381043379487295,44.0,1.002598548534008,0.25146243218444236,8.561731340102604,0.01532549556940451
0.6385216506886465,-0.004914718450565529,0.00969141408849567,-0.0006847923612886057,1.2761240521766875,45.0,1.002767525602548,0.08886830107784896,7.222920853768372,0.016038876674160055
0.643356097508133,0.0005857534064542976,0.010775987698933055,0.0024666369927262323,0.9355574810772702,45.0,1.0142838611535618,-0.12520045402912144,8.906569017712084,0.016138060455863933
0.6482921961234418,-0.012427503189965331,0.007945040205539917,-0.0013886056804504959,1.3313598848737174,45.0,1.0055701601808027,-0.03791212225798203,8.076841847627318,0.011283203602093547
0.6533331269727229,0.002594550382295028,0.007605734008330227,0.0014079790737788343,1.3352764413515974,42.0,1.0063077322937082,0.02777722931504561,8.427650615951812,0.009975527964386523
0.6584822006004801,0.009995920414661442,0.00928509597122728,-0.0031981346875792223,1.3149841928701875,45.0,1.0065755283855105,0.18644739427500118,7.179982694048678,0.010609138547566526
0.6637427687884045,-0.00749068783720082,0.007791084162744717,0.0003280060535747703,1.3282766846684522,39.0,1.0068548345375201,-0.05886320866075007,8.563638071037742,0.009419275738315655
0.6691183091358435,0.002989346100134613,0.008917178731631059,-0.0021515915380266866,1.3140208323575284,39.0,1.0069583036147016,0.0055829681161496236,6.1640491472007275,0.008981062153022563
0.6746124267713053,-0.004191918146211473,0.006806901996156477,-0.0021269027644969744,1.3445889013548555,36.0,1.0066922602155444,-0.0748219063780658,8.532418753081092,0.006903885831196204
0.6802288545553616,-0.0021603936073939967,0.007747994889848127,0.0023810969139277014,1.3580461761093696,42.0,1.0061244357317738,-0.1115070215221646,6.8558837336363965,0.007692273657211877
0.6859714560919713,-0.01935819497598065,0.006625797413083679,0.005994806683218565,1.3234378678296264,39.0,1.006120095689393,-0.1279060223447205,8.079711219872111,0.008664546259127591
0.691844227959342,-0.01677799986687842,0.006443689897671841,0.0022855951538862493,1.3272593262366579,45.0,1.005578546750937,-0.02860239954283255,8.478193854658198,0.007539763473825875
0.6978512983243266,-0.01286712276943576,0.005826906603106827,0.0044479180419210946,1.3514853746810294,47.0,1.0048631777044417,-0.03577460779832142,8.926129405716255,0.007559429175818886
0.7039969298328147,-0.008581277475905457,0.006858030182220077,0.00012191388646579395,1.2621402254514145,44.0,1.0035436774280408,-0.08610084580995665,7.180143219674869,0.00648454209751676
0.7102856085857414,-0.005855473494170697,0.0058256138971555715,0.0017630571542781074,1.3399728547305076,42.0,1.0031316814069635,-0.0383797682948014,8.20805777140313,0.005842905156207321
0.7167219126183257,0.013848914943087784,0.005578821422130064,-0.0013695866617860536,1.2995845402855364,48.0,1.0017391278601402,0.0853629393189666,8.946783934758848,0.006445549056907852
0.7233105291495501,-0.007426485046945022,0.005447964815596354,0.004268386597791428,1.3050358325297862,42.0,1.0011268562156486,0.14112041449059104,8.328366481425467,0.005136079950452139
0.7300562801462376,0.006724834463019416,0.006377778058232205,-7.528790926458202e-05,1.332878933322427,36.0,1.0003140835240134,0.05389858155358136,7.178466060588334,0.0044959269937830445
0.7369641201458388,-0.008038945669254971,0.005689288369418829,0.0010285672633768496,1.3126586279304666,48.0,0.9996829201433961,-0.08581860323366672,8.945037739198678,0.00649339508728729
0.7440391997921404,-0.00818061901317193,0.005226178806769318,0.0016309398691654897,1.3358058993973287,41.0,0.9983322207630709,-0.09248025833890693,7.899309105227984,0.004737728890060331
0.7512868788768211,-0.004184396259933267,0.006063328305589362,0.0007663035933416603,1.325988820945507,42.0,0.9981253430231635,0.04803303682647649,7.186584940355494,0.0047834508040742055
0.7587125091385601,0.01714114790418293,0.00503261905141776,-0.0014180201961572995,1.3255925978349723,44.0,0.9970362002054228,0.2490361279282797,8.922803447954925,0.005205773819943201
0.7663215926443134,0.015750639826428308,0.005320280394531951,-0.0003604057883999054,1.3278849828005859,45.0,0.9963394664770234,0.16753736891068874,8.253198963413718,0.004928084760276904
0.774119919436049,-0.012033284210458042,0.005035484194326798,0.0039076106281574095,1.3152760930651601,45.0,0.9957547839868904,-0.13033090550307008,8.368266904445894,0.004936532362844355
0.7821132007259336,-0.0039853852975826705,0.005987816957762139,-0.00043905672948794445,1.2737960905379666,39.0,0.9951638668675971,-0.09428676306804241,7.201167038464042,0.004199459364163089
0.7903073872275499,0.006813418583184393,0.005187080611492086,-0.002038189368022343,1.3140645082830011,48.0,0.9949166155694502,-0.012066665220828983,8.952093494404254,0.005526149107915125
0.7987084651175618,-0.007324630840583911,0.005059473977031616,-0.0004711104721507901,1.36861717304394,42.0,0.9945879107030954,-0.05870123250908417,8.35264324662534,0.021274553195050405
0.8073225394191289,0.007756825374156625,0.00509927880683168,-0.003009966502848312,1.322545818444636,42.0,0.9943839661852125,0.18886617565168623,8.225878792304856,0.005563958045820706
0.8161557536067607,-0.00383095405190984,0.005074197190759593,0.005716412912618423,1.3430004373494322,48.0,0.9941827319667731,0.04113304178329483,8.953904124790803,0.005493125112594626
0.8252143502760124,0.004228480302348579,0.0066607954973127515,0.006239271498356056,1.3404524099439226,41.0,0.9942805988750832,-0.02300292187309431,7.201000775153047,0.004881835343108493
0.834504545011099,-0.010857106479425283,0.004953673150226355,0.0029859346660562587,1.309860385452884,42.0,0.9943098918171073,-0.2521234427392588,7.90437619127936,0.0045724091967805055
0.8440326001886391,0.000923686133591405,0.004839505937203585,-0.0002488311046879827,1.2990497201507996,48.0,0.9947188763249043,-0.04600377761643516,8.958425427687645,0.005202702162992956
0.8538047314180898,0.0020159518668082907,0.00574870415989047,-0.0038340922935301293,1.3528239321963262,42.0,0.995193205183025,0.02500846876432926,7.192473678975789,0.004515961867773892
0.863827101018897,0.008279528494865664,0.005034919368654638,-0.002963748414875569,1.3283655143227173,45.0,0.9954511136420672,0.10342707133906606,8.352323433373563,0.005126047576003723
0.8741057900388345,0.004530334615521592,0.004803169589759449,-2.8789204051344186e-05,1.3076914082030644,51.0,0.9959338917726225,0.08502388148796967,8.966033427582946,0.005753560371996846
0.8846467458414128,-0.00059881125159763,0.004939870770117454,-0.0012022163573892535,1.1702646744007144,48.0,1.002245097252587,0.01755770046878358,8.230315032230433,0.0053290161574456206
0.8954557180203407,0.0008533520576662799,0.005983258918918288,0.0036763992935934034,1.3982421467030306,45.0,0.9976814637502878,0.01202412057412553,7.224270280077929,0.005136520882051458
0.9065382439315256,-0.0011541292179244752,0.004998310571702491,0.007017349847708492,1.514859591885377,48.0,0.998705353163071,0.013707439458251962,8.913976872492599,0.005530374001094672
0.917899600133022,-0.0031418935848829097,0.004930587425086385,0.0017665488979704904,1.349974523748193,47.0,1.0002177424859713,-0.03558511825384664,8.511569554680618,0.004826429588375749
0.9295447399190664,0.0046850726537426704,0.0050541769062657825,0.0013128090878366005,1.3258252537530053,42.0,1.0013169580009278,0.0588088096984345,8.089778884917614,0.0045185726905553674
0.9414781779776228,0.00636782894631113,0.005528252750299705,-0.0022834678143666535,1.349069108175637,47.0,1.0024018688763894,0.0885583197672003,7.283343290686882,0.004939912260887957
0.953704006410979,0.004542513260481236,0.004800599065177713,-0.0042393894429305,1.311231850776308,48.0,1.002787764803701,0.044136741692292134,8.93311794909792,0.005002104995807734
0.9662258385310472,-0.0005392915458308585,0.004657579095750632,0.0003853373628013231,1.2151611338048178,45.0,1.0017644246779176,-0.043349439698535816,7.8712005383987815,0.004391195579814313
0.9790467547363041,0.001532585427040342,0.004604889761725566,-0.0007188915465191895,1.285849429012403,45.0,1.0046012555164217,-0.03353324391787127,8.95783336137012,0.004264116266322172
0.9921691657178157,0.0003168553657381662,0.005220074252839666,0.000930677322631508,1.4535796219059272,48.0,1.0097194819650814,0.0321750589807351,7.24076454365315,0.004474540243781956
1.0055946541021599,-0.0053474039377562725,0.0045456720008301005,0.002844205337310602,1.3407837094069506,45.0,1.0064285240362536,-0.030192752014863468,8.468900774353717,0.004056994313826729
1.019324339057131,0.009620309031281074,0.004658356495184368,-0.004839311577798287,1.2987514574953445,51.0,1.0070163499673495,0.09685004529281604,8.977211253966555,0.0048333235965391476
1.0333581625344184,0.006883006188420674,0.004928691160619965,0.0006896508801127072,1.3075576490057754,48.0,1.0072952358324423,0.13211433365001451,8.084028110159199,0.0044549693588235555
1.04769562118343,0.0075215347781886245,0.0049404885205598026,-0.005011003270402844,1.3428916456049056,44.0,1.007357883815212,0.026630568536406746,7.298249289378616,0.0035454490888973634
1.0623348095831198,-0.007131132037637602,0.00420441538650211,-0.001833371767657251,1.3267361258785024,51.0,1.0071870202553797,0.0014023885846334225,8.972654084482393,0.00513726378034693
1.0772733104231236,0.008483138284104595,0.0043952198748869915,0.008535198258549346,1.3085454900141533,45.0,1.0065937015277466,0.09497720202617652,8.551469985814899,0.003824338618393614
1.0925076238365548,0.007382581438366759,0.004593639893966324,0.006818389233041534,1.3145086277658717,42.0,1.0060147928747278,0.05156699369477052,7.9385943833089785,0.003571447193497699
1.1080329895883543,-0.004258942469085908,0.0042496821299672655,-0.0008277215672869142,1.3311414689306436,51.0,1.0043765597224545,-0.021430119493222426,8.965729820149116,0.004126753799576924
1.1238439247626621,-0.00012149084798153107,0.005132856371018137,-0.004318391773664629,1.6849945284190753,41.0,0.992010859035908,-0.0816331963784847,6.380362665132412,0.003289993084014743
1.1399339202296326,-0.004273507219700914,0.004073615611941874,0.0007863929908583136,1.3333411128825357,48.0,1.0021775084464049,-0.03736202778735091,8.70505184824817,0.0034427462714854734
1.1562954692118335,-0.00011230742134504808,0.004171600370098523,0.0014195311777043002,14.462842048480619,48.0,0.7196104920293851,0.14879145351878867,8.071886375541357,0.0036833044619365815
1.172920110207348,0.0009082413016156169,0.004737084964704817,0.0009352846246596125,1.1796168612240479,42.0,1.0016232093145616,0.13134121845659838,7.317319476855793,0.003652702286462339
1.189798482477525,0.0016650576858851444,0.004095550426137746,0.0017562051466578753,1.3142392439975312,49.0,0.9988177524885696,0.11658323746078618,8.977093762069769,0.003623832307540414
1.2069203946981257,0.00882552895918031,0.004064092894761517,0.0007726892940264847,1.3187887992268488,42.0,0.996504354620618,0.11818045242214081,8.26569366044991,0.0027573698703529568
1.22427490282959,0.007330974763827231,0.005001299457987391,0.0022045859342057707,1.2973160582812269,35.0,0.9947219614810473,0.11117915447557095,6.07053710167089,0.0024961370158670996
1.2418503998866297,0.0074957111725156645,0.004051322461622345,-2.8885832221122468e-06,1.3244969755603029,48.0,0.9935540487469458,0.09080235712091844,8.69170523007289,0.0034164278550406217
1.2596347079726347,0.005307365897752618,0.00457730428039472,0.00043579303657050397,1.3037465169439362,45.0,0.9913788284410631,-0.03939847820860263,7.419237570859172,0.003414485518762225
1.2776150098076984,0.004894492901548814,0.004223056749867242,-0.0022371293240315755,1.302038279481181,51.0,0.9904269067027192,0.08254690179748163,8.981288877591556,0.00406494879502751
1.295778068512631,0.0056348425796825564,0.0042419839033330945,-0.00312403750338162,1.311046199351734,45.0,0.9880858527444921,0.060994907407479176,8.607660502587954,0.0034547608624534137
1.3141105508925275,0.009004009995943982,0.004111877172188156,-0.0049812120353261245,1.3160657909697442,50.0,0.987604232962335,0.13794893973664155,8.984480685976536,0.00420308256343342
1.3325989336743904,-0.0017738986387556782,0.004662145494434223,0.0005486099382630632,1.3269234719565701,39.0,0.9855349150886595,0.01035874839747384,7.4653261710914425,0.0029215769022342256
1.3512292027094672,0.017449294385594036,0.0047630117632891395,-0.000651251869909651,1.326575677530224,42.0,0.9854201829612712,0.11674186389235897,7.174920277508691,0.0032152323941834985
1.3699877959948106,0.0044735182317577,0.004353516683059498,0.001983450546194709,1.3347616085785359,48.0,0.9844802711725362,0.10915485173503969,8.704176329257674,0.0038771703873389995
1.3888610454771944,0.009661267544840008,0.004626788321184859,0.0035094434396033872,1.329437625409919,42.0,0.9839455618439056,0.15234224907119595,7.436330271677704,0.0033022167520429086
1.4078354054332207,0.004697311854846926,0.004380898950555597,0.002524270854389485,1.347671769610442,48.0,0.9834017358214995,0.07653020553737791,8.710725746748956,0.003998535267234756
1.4268978129515848,0.0033152157459321848,0.0051374742037237995,0.005218062329708681,1.2983476349552676,39.0,0.9832711147049211,0.05116353124819658,7.1908424587494295,0.003398788957166972
1.4460351644415461,0.014072009655307608,0.0050520380142865485,0.0022167082003201775,1.3183767241875934,48.0,0.9830272925188642,0.011232405570364949,8.73636826577424,0.00448864610375161
1.4652351804118575,0.015602450824405138,0.004707732209636919,-0.0017339794421193087,1.3253555695462245,45.0,0.9829311880999363,0.061343264099404465,8.61772420343036,0.004215009287170289
1.484485542835912,0.008821815298236703,0.004794810172488748,-0.007119233593823181,1.298855180790449,48.0,0.98290530986014,0.0907240069803531,8.746745666151442,0.004773804712896408
1.503774894158332,0.007525424662387428,0.005193701217844515,-0.00035365534592597274,1.334026285667624,45.0,0.9829572431050869,0.06676809975557525,7.496070665767125,0.0043851034383676655
1.5230919289675537,0.013547580364159933,0.004886877919355874,-0.0025324503569171797,1.3133452062682656,48.0,0.9831218996258122,0.14099461236438832,8.746374719160949,0.004934091559124405
1.5424263132204807,0.011791998302717559,0.005589597320984899,0.0023527961835097017,1.3229615301803022,42.0,0.9832846854142042,0.15020553217719498,7.365250286815248,0.0044554377565451855
1.5617678733561122,0.006048458181257844,0.006246295433303291,0.001545150436686704,1.3161473778171349,45.0,0.9835695121630833,0.02310054823843736,7.315400057091993,0.005071822889682146
1.5811073562502567,0.012989099576021079,0.00534435558065218,-0.0006034792133797139,1.3239197739638147,42.0,0.9838675394637292,0.12585826154698065,8.426373862106304,0.004260864385050474
1.6004357718665838,0.0037125866538595064,0.00528708320362085,0.0027741439597647297,1.2971470278916375,48.0,0.984187416619131,0.006314725720249234,8.785162534241389,0.005359071536720594
1.6197449660294148,0.006667557026921158,0.005705877153444527,-0.004030960112409494,1.3389528343606598,39.0,0.9845594131076876,0.14750510695084387,7.374616626101723,0.0043796536261335875
1.6390271122827214,0.008222081111013276,0.0054831453558614246,-0.004291290991245406,1.3035148660563263,45.0,0.9846930948594645,0.028669352824496813,7.545117488672112,0.004783722288409057
1.6582751384955747,-0.004689561767524319,0.00506063354196583,0.002300142468346811,1.3093592082133845,45.0,0.9851101491076373,-0.04832606850991993,8.664228662121756,0.004894666615790805
1.6774823285483327,0.010248525459823155,0.004987551122298005,-0.002019806102371733,1.3389318145824065,45.0,0.9856373024726,0.15647910928309886,8.684538782891101,0.004473515626667626
1.6966426491323692,0.014741757966070565,0.0055317993825856355,-0.003138307489566288,1.319122293363648,45.0,0.9858851131845309,0.29564189042419786,7.511304297775823,0.005129053910272227
1.7157504065023585,0.008715173355768423,0.005118019784623262,-0.0015603165413619962,1.3452900752195724,48.0,0.9860434573836169,0.0022189269800107145,8.806140232244987,0.00513010586557089
1.7348005438698328,0.008605115695534453,0.005885965973804309,-0.0025152588316197564,1.2972076515525373,39.0,0.9866227626713253,0.09869651722260565,7.468587784635765,0.004509495157044801
1.7537882957827848,0.006215620764803904,0.005753519070625245,0.0001200318129977202,1.3120438753160149,48.0,0.9867708126016298,0.03216702839697017,8.829912701922325,0.0055753821574783015
1.7727094873374194,0.012586000411260775,0.005344949791926594,0.0003019720067184304,1.32102046589692,45.0,0.9872160549164981,0.14532209597189105,8.631450589515048,0.005429733929393436
1.7915602014168344,0.02750108645688446,0.005256821019194988,-0.0022909730132862466,1.315206480329935,48.0,0.9877399373078455,0.256839278069452,8.833318752367237,0.005725824563759035
1.8103370271307406,0.01460668681211265,0.005973246008127477,-0.002712150482357482,1.3071385553902166,45.0,0.9880060779826824,0.2789544352420852,7.383500296968144,0.005559126706533118
1.8290368449051946,0.008966486773009008,0.00567542939729278,-0.003335058551827072,1.2998135878846584,48.0,0.9884376648132794,-0.05167343953222184,8.830558978041886,0.006120985651581797
1.8476568906461937,0.008646520253598279,0.00613088816385629,-0.00121827344659472,1.3276066838089982,42.0,0.9887399013106899,0.09940342393027217,7.655019320331823,0.00575731749560257
1.8661947450366239,-0.00019913926348166672,0.005203375658063558,0.000976990515056229,1.6243545207926497,48.0,0.9866155321086149,-0.014139167951391876,8.85387418283487,0.005571076240712278
1.8846482083551959,0.01467958940556574,0.005530983211416598,-0.00267603526256902,1.312505029176771,42.0,0.989468005385659,0.11864421835207045,8.467449294170782,0.004616767125245107
1.9030154271188704,0.0251745198082407,0.005953641616546867,-0.0025339680830484402,1.3091469013050283,48.0,0.9898654958938883,0.23319136953126526,8.857655852794588,0.006260923207194917
1.9212947744597593,0.027546976702094977,0.006530881919660289,-0.00335447067069109,1.3228134702264904,39.0,0.9902054470275193,0.30380837547663725,7.281306404116295,0.004903948987963143
1.9394848318047353,0.008919233008111314,0.005223448362434014,-0.0002422208147458474,1.3067912639812347,48.0,0.9905178780632445,0.1389081957990882,8.856073759138742,0.005725990277806149
1.9575844354875391,0.013169813433699922,0.0056428175857915226,-0.0011077575472719565,1.3203896136721736,42.0,0.9909053443667071,-0.04420041461561984,7.630469751836945,0.004881508431118705
1.9755926116367761,0.007838111712659036,0.005316499010471636,-0.0035968580586916744,1.300710488784247,48.0,0.9911500643039182,0.11162286532444451,8.871538844216886,0.006435063541263139
1.9935085372044494,0.007287748051073425,0.0061759420352913525,0.001369116372221594,1.3207230060088768,42.0,0.9916053576623941,0.12728878343854347,7.313191390715174,0.005354357384427774
2.0113315901179836,0.007575113848693749,0.0054781813971330655,-0.00020440245640551005,1.3104401764547977,48.0,0.9918494579657837,0.09383012992341626,8.869688486094518,0.006029060791856976
2.0290612972848603,0.01744070535594833,0.005985514349396682,-0.0019251691290899937,1.3132283523699064,39.0,0.9923039813083662,0.09890149088507019,7.745176584434903,0.005231851008618464
2.0466973210851362,0.003545844274563151,0.005592313411152166,0.0009995756224587694,1.2748190258689047,48.0,0.9927381802405582,0.08760948650968489,8.890944547556352,0.00611651558930038
2.064239440861173,0.01856489255545888,0.006178841616589057,-0.003915288836971581,1.3062244270772116,42.0,0.9928587489369021,0.09790014334935869,7.055617981977508,0.007071319952933945
2.0816875658764213,0.006259308543291437,0.005481360347933037,-0.00393440485968419,1.3222445228879331,48.0,0.9932258935901866,0.08169118394528015,8.888348098357142,0.006593084798182733
2.0990417114575735,0.018275661367372718,0.006694724148005858,-0.0017367555729722723,1.3183141571420065,45.0,0.9933362146701252,0.12021603215399049,7.285723660686284,0.006496390287800555
2.1163019870189075,0.01251623591710978,0.005600106359929547,-0.0011829334418824592,1.3126512951952383,48.0,0.9935327681107523,-0.005198577387923166,8.885740535132546,0.006132995671250255
2.1334685879069606,0.012203811968288734,0.0058825123005601734,-0.0043648988875488485,1.3010657265917687,42.0,0.9938231904124104,0.12366161118081304,7.925663081719643,0.006058855657064908
2.1505417897480097,0.012487246388328389,0.005612896299737242,-0.0024215530684525833,1.3097925308900475,48.0,0.9939764281017555,0.1300335423768827,8.90547745420727,0.006340450445303249
2.1675219368064105,0.016846494637824883,0.005690985842678612,-0.002851981597770623,1.3067840347975554,42.0,0.9941428040611615,0.17024923419983637,8.421402598862844,0.005487134693048927
2.1844094386983834,0.012746886030611478,0.005808832174828292,0.006627097377259445,1.3023413645279371,48.0,0.9942597877465518,0.13892138088032274,8.902127356166629,0.006778652713198373
2.201204765306114,0.013941832560707114,0.007674236439484647,0.001409325390595915,1.3137058555957064,45.0,0.994336952257948,0.07703950121353459,7.223149177005443,0.007076102956827504
2.2179084339102637,0.015131939132085796,0.005735763736291949,-0.001106028917689168,1.3212855422403234,42.0,0.9944104853056362,0.1750874644554129,8.897673652214147,0.006855703666421259
2.2345210100099795,0.004419486700832653,0.005972843322683347,0.00206296804675225,1.2831731268896367,48.0,0.9944362210472556,0.056459018224573214,8.903884757150035,0.006686847223540773
2.2510430992861563,0.014936591273028705,0.00646455477360232,-0.003784762541236045,1.3317722327560806,42.0,0.994468157584736,0.13782711212184307,7.779210143819768,0.005746643937212591
2.267475343613624,0.007656993754020102,0.005650324987952477,0.0021233812133277176,1.2942203675139323,48.0,0.9944705790632261,0.15406976895036945,8.91244903879038,0.006257641062071173
2.2838184159891077,0.021862340324481207,0.00634879630468349,-0.001893489545919579,1.3108116304986974,42.0,0.9944606192651434,0.220425322866136,7.239039522563247,0.0053114009834162946
2.3000730180022937,0.02052980431605822,0.005869519108770534,0.0014897951798704772,1.3172379823151994,48.0,0.9944467889616908,0.23459040448270496,8.910522595257893,0.007799866499328996
2.3162398745848396,0.023442983106171794,0.006102522331695467,-0.0005636822573247336,1.3114443760228547,39.0,0.9944222997096008,0.18344721678544748,8.018624701047992,0.005878956436265283
2.3323197325301765,0.009031387110509301,0.006274405274004405,0.001847546256369619,1.32390086566454,42.0,0.9944041135385261,0.14651523521360807,8.921113005220677,0.006296601659192913
2.348313355464835,0.0028701744385626377,0.006627962287102985,-0.0017925645019418659,1.2975398109877783,45.0,0.9943986538634014,0.04633877254725288,8.45624068284198,0.007183976823024381
2.3642215224878185,0.014098288503904856,0.006067302130869917,0.0006954557379350722,1.3030225034981937,47.0,0.9943774484061582,0.15469514079636212,8.909183957948448,0.0068780617173235655
2.3800450290042994,0.020367362241884516,0.007301358138074878,-0.0007166337304369899,1.3008508004390034,45.0,0.9943828347169097,0.186352536436691,7.223996195639318,0.007210244868424852
2.395784677348306,0.014347197758102012,0.006314743230024017,0.0008764768878100353,1.3208793311095717,48.0,0.9944078570980074,0.0898423442906108,8.919258598177613,0.0070189564058074395
2.411441280834754,0.0027236810074900684,0.006663467126807181,-0.009710699312935646,1.3207895024155567,42.0,0.9944431869112856,0.22782311133135097,8.17518908304417,0.0071364734071679165
2.4270156551776076,0.031774334582706794,0.0058692068102571505,-0.004833463229458839,1.3155879886276887,48.0,0.9945137295350767,0.027425257157060255,8.934637402724821,0.007999819672287328
2.4425086228175013,0.020807757882322073,0.006011759285903989,0.0008480586074926359,1.3066109977817693,42.0,0.9946147265815057,0.2258870604684064,8.291727985814349,0.006208407616314065
2.457921006980187,0.010119116849373923,0.005783374039982239,0.0033652451728078884,1.310596248633857,45.0,0.994786997729522,0.10033235392723293,8.935168503891418,0.006375622359402028
2.4732536346195357,0.013607170338066682,0.006454539880670629,-0.0031661494360219152,1.308642608119118,39.0,0.9948391318228755,0.03385876185502682,7.213807101272302,0.0061424860196982204
2.4885073408395906,0.007488328442673188,0.005587280665789756,0.001068658797965252,1.3035897913961,48.0,0.9949894291017101,0.05333270310759449,8.937834808321831,0.007840449768488465
2.503682951727686,0.013016048587231797,0.005622229471779643,0.003829170032431424,1.3174968290131728,48.0,0.9951900225665642,0.17990832906269552,8.939171924982023,0.007201323414591729
2.5187812903076483,0.025702367876516558,0.005924351337529341,-0.008013465423303114,1.30449024849043,41.0,0.9953233785713208,0.024583496712809474,7.855637907217647,0.006280681334996608
2.5338031746699166,0.006125025772422042,0.005707526280073482,0.002452396183819547,1.3089216839041418,48.0,0.9954799439007617,-0.014267184647136824,8.941893372131105,0.00774601028857418
2.548749434851414,0.015615806356871308,0.0071414499923090615,-0.001464841763467221,1.3116944907413497,39.0,0.9956498380149487,0.11810259897016044,7.223322790446184,0.00534340142986431
2.563620884124459,0.008284451061896797,0.005780716283354743,0.0017848190170044523,1.2942159222768443,48.0,0.9957508302821274,0.18825322761059876,8.943140596194674,0.007650385221815734
2.5784183292899194,0.01190808367157179,0.005610624348968769,-6.19760202867868e-05,1.322938780526891,42.0,0.9958423089833163,-0.02630146191595311,8.256100164668204,0.00811320910405317
2.593142576432527,0.012539276139476196,0.005696419176254766,0.004184199144485654,1.321933886023501,48.0,0.9958946352255366,0.25967225932181165,8.958981929223546,0.018679256814755206
2.607794431730421,0.027845536253584456,0.006423345271350151,0.0007462371857619535,1.3200859917932022,45.0,0.99589354518484,0.2996961065367849,8.289931209324106,0.007279675799282892
2.6223746810284503,0.02152880422804158,0.005678516909119446,-0.0027571811442019746,1.3115020676643574,48.0,0.9958323913640116,0.3675376862945566,8.948090168732453,0.007685475806313111
2.6368841105021588,0.009143145350663046,0.006504449265186091,-0.0034523526072678915,1.2979186337859414,42.0,0.9957063860948743,0.15430476364453424,7.243184282153257,0.006439595913957255
2.651323507129081,0.013983230248407268,0.0065034040778068234,-0.0008601142810873384,1.3143062124117788,39.0,0.9955240924629513,0.11894276676613316,8.203787033922017,0.007057289126702389
2.665693633540448,0.01079518695458789,0.005971434330011477,0.0013015969186130516,1.295934604698197,33.0,0.9951160851595405,0.07617118700294213,7.625588722655504,0.0053235028157924335
2.6799952584955955,-0.002513892710006579,0.005916596442054739,0.0036755993815516226,1.367133994559374,39.0,0.9948907023070759,-0.0281639409501404,8.185679652582154,0.006822377227348734
2.6942291379240904,0.014020526390919504,0.006132498733343954,0.004621985158418038,1.2947522065343384,42.0,0.9943650570147033,0.17677225507902194,8.117404918397268,0.0065462272329529485
2.7083960109643352,0.01589081524728104,0.005843961192897374,0.0022412626995678532,1.3112896523690827,51.0,0.994033209670122,0.07269220504228584,8.94554274103004,0.0085306271739611
2.722496629522857,0.015425036781589426,0.007509070813379603,0.0022530472574363715,1.3146021611913423,45.0,0.9935617535378913,0.09823946955049442,7.258833265107556,0.007364429440822166
2.736531711535136,0.007404477528013922,0.006548179877689613,0.00112945810286007,1.2755169096411114,51.0,0.9933585303845232,0.02648152695512731,8.953595077149677,0.008480961394666855
2.7505019904400734,0.01046058878885407,0.006062966075116813,0.0012104935046481176,1.315937075484563,45.0,0.9922805242926703,0.2829833277478857,7.83606280086555,0.011401287480601398
2.7644081702232524,0.02137855382473236,0.006024231384629888,0.004913453659364123,1.3141736553596808,51.0,0.9916801423413643,0.30043637523605526,8.951749892349715,0.008812356048265529
2.7782509597600167,0.013890083574629246,0.005979873332823441,0.0016459679216187684,1.316328865268305,51.0,0.9909308706868406,0.12607118894611175,8.952868224331711,0.008998008544722139
2.7920310509214152,0.03619424757284691,0.006832175607570972,-0.0038469434174503215,1.3032961117084552,42.0,0.9903901535821807,0.21466122225738804,7.266186873001414,0.007460960314266631
2.805749132496325,0.01666390784831512,0.006262279803238579,0.0036642432013797694,1.2991558796538394,51.0,0.9898241046464415,0.26890612026851485,8.959983174040502,0.010877209118081071
2.819405880470551,0.03665872063589497,0.007031340077844404,-0.0013418811814381675,1.309145348408159,45.0,0.9891556044801694,0.3158477398035511,8.43368010981647,0.009198502254456047
2.833001963884593,0.02856013915749973,0.006249261976128001,0.004147897568517993,1.3145503705446315,51.0,0.9886721553591841,0.11666254845656647,8.970685492493438,0.00911770905198652
2.846538039269264,0.014815303208415911,0.006310690916800162,-0.00016286217817222022,1.293266186224097,48.0,0.988109859202103,0.1440888556039767,8.068813918389553,0.009251673867438814
2.860014761815952,0.01660890722316503,0.006114450954565358,-0.001616267750373421,1.3187068467921361,51.0,0.9876839240030435,0.026526922168457086,8.957585002373973,0.009693303142177473
2.8734327662119497,0.023182004238749884,0.007005450008176036,-0.0013439819479197708,1.3265262367447912,45.0,0.9874622880843243,0.1033325044143116,7.3437879566786215,0.008316704349045634
2.8867926948960276,0.026456545233189015,0.006321027001896434,-0.0053500725524810175,1.305278520587432,51.0,0.9871811573602077,0.38573955176984104,8.967279720293996,0.010391918223637336
2.900095159785734,0.006331023340844967,0.00624232112696672,0.0005442496580989462,1.3213621124064647,45.0,0.9870169268383098,-0.08666710791267614,8.523873277128326,0.020619331851832803
2.9133407892191947,0.012538872920927532,0.006436497489419812,-0.003237260114790738,1.308401728199541,51.0,0.9869414303546216,0.31717999674857367,8.975514553941137,0.011243217729036732
2.9265301811418674,0.006051390427883771,0.006386883381615206,-0.0051247792233903005,1.3126334830779145,42.0,0.9869485300417772,-0.11566724131244263,7.898887526130762,0.00780254489080718
2.9396639352725615,0.011474014093672004,0.006227585491495591,-0.003695734255513808,1.311361906551696,51.0,0.9870349326235371,0.10853737408459613,8.962266490564465,0.01064200414674449
2.952742644822895,-0.0027168117910059525,0.007075270217032636,0.0015455354931385912,1.3510678348695506,45.0,0.9873156092328587,-0.03873905007830359,7.384289058463252,0.00990344518653645
2.9657668825608123,0.020941004085196512,0.0064316281316843535,-0.0011416814069640548,1.3204384454943086,51.0,0.9874531936823745,0.2017173382115989,8.971906311924622,0.010088733116292442
2.9787372316333065,0.014455994956019546,0.0070621465460955,-0.001955030179791821,1.3212575781339975,42.0,0.9877342841978225,0.18957444317634026,7.397727919006548,0.011588862840239368
2.991654251701132,0.014849148004278095,0.0064601854543175265,0.006040773780490782,1.3162199182986323,48.0,0.9880396476063069,0.12550436496551126,8.61760312179528,0.008885747364566288
3.004518493532705,0.0008675051594928192,0.007108658225837181,0.0015879214322342002,1.1999340875273443,45.0,0.988615221017716,0.004741566430105236,7.042762768870141,0.008036620555248609
3.017330517982807,0.009420725654160267,0.006438631877944753,0.0027592718203462143,1.320020139708626,42.0,0.9887450861262501,0.1312113502758871,8.642920511848317,0.008218752938066115
3.0300908585338138,0.012078090981435086,0.0064720323265741704,0.0026137915765259557,1.2988869915638677,48.0,0.989309919072984,0.28184433026461325,8.655439929001675,0.011024255848592415
3.0428000421342927,0.016605048242380738,0.0064603024531630915,-0.0031708300189940168,1.3052433582011576,45.0,0.9897344237022072,0.12390640899452479,8.55816207671672,0.008714425254137827
3.0554586059953643,0.011382256640808316,0.006783287768532437,0.003959820869677363,1.2800550220792846,48.0,0.9902889823393908,0.15907493888828422,8.670318291397859,0.010177729457828518
3.0680670618450723,0.01190013971204236,0.006782857519475055,-0.0025817714082949712,1.305687968424742,45.0,0.9908943879588015,0.18779161025632302,7.535139284286103,0.01099565208519357
3.0806259152065363,0.002767253978535161,0.006278601129274556,0.0012594824095630553,1.2832281122320615,48.0,0.9912004228834355,-0.06093166733900645,8.673058577548908,0.011020558051948853
3.093135675007638,0.009900046703821398,0.0073586201469527,-0.0022540261721239814,1.3036408461963078,42.0,0.9918405371776232,0.027554923517626048,7.222215034150791,0.007748257501834327
3.1055968365654634,0.006230347757036144,0.006278263906556278,-0.001779092717809101,1.280496297798145,48.0,0.9921639129931569,-0.02398831667391298,8.702087912766203,0.009239394540828614
3.118009883201358,0.02121354204073593,0.006885603258962905,-0.0015235002546278484,1.315755881547569,42.0,0.99284002931,0.21304096168277364,8.327395802929127,0.010472388640933406
3.13037529212252,0.013533835169114595,0.006908444957226107,-0.0008190795430077696,1.3101830772573317,48.0,0.9933585632339383,0.12156619910331591,8.719252159633662,0.010887471397246825
3.142693548665865,0.008080532790943142,0.007136378785332143,-0.002520522457538308,1.3263250422816932,39.0,0.9939045495854042,0.14054971180903758,7.417182116265118,0.007560801545578627
3.154965115342098,0.004306279151035124,0.006581815251954113,-0.001524234856033401,1.2529764728914974,48.0,0.9940584946473618,0.2127045659397309,8.720334427024296,0.009767229314988817
3.1671904499914554,0.02461587924757245,0.006914968026888999,-0.0072120316044024715,1.3154066639620685,42.0,0.9948171846075508,0.33444149436863985,7.294508637469093,0.008369420994730033
3.1793700032390566,-0.006025055515808115,0.006495071280762648,0.0040196330651126886,1.309484876942195,48.0,0.9952974542869982,-0.02632495018051073,8.744171024872976,0.015481064135928204
3.1915042278142876,0.02296331253488454,0.00781307604705921,-0.005375283771066982,1.3023376302597525,42.0,0.9956952853689398,0.1577930070175451,7.392064488812182,0.008892356890167928
3.203593566604194,0.010882142572220206,0.006877113271623256,0.0008233021488923284,1.2941485408879723,48.0,0.9961878703360163,0.08332617867092121,8.748048284793954,0.009814385150085824
3.2156384500369875,0.02623296182082366,0.008539166840656592,0.0027712132176617955,1.323821116162624,39.0,0.9965287042192034,0.24911245971245902,7.344931991663099,0.008730206879396326
3.22763930434159,0.021085262943540527,0.007370195145728199,0.0007181786669123234,1.2884872712324935,48.0,0.996992179590237,0.29023661051444066,8.773996650733487,0.010989264598834595
3.239596549308382,0.022461692921217944,0.00764847230855593,0.00017857300414145377,1.298303326320293,48.0,0.9973704620596534,0.23793376590680443,8.780333723534607,0.011658414366411242
3.251510606573627,0.015563776779134316,0.007292459745958261,0.00144049270152075,1.3068748414646745,45.0,0.9977292542836115,0.37311003290504957,8.599192900021938,0.010836968951047802
3.2633818867882223,0.031027611746101528,0.00720970120290237,-0.005319802723278074,1.3078492666760284,48.0,0.9981003867501625,0.4304022044560439,8.786183312477819,0.012158638966651642
3.2752107919167264,0.04019939515654805,0.00810197731250781,-0.0010119555787169638,1.3083604987610582,45.0,0.9983678119569741,0.3387103643993214,7.4241600898407185,0.010046285954656845
3.2869977197672684,0.03217778053614584,0.007484334110541334,-0.0009103230227387327,1.3220938753410436,48.0,0.9986311143014585,0.19970538044759722,8.784883388067124,0.011666726427502742
3.2987430616545987,0.022749837957260224,0.007778946343026808,-0.002571597374200571,1.2978225489028328,42.0,0.9989179949944548,0.22766248921127435,7.546481191496305,0.01022571649146683
3.310447203209697,0.046261686205699294,0.00736489678702165,-0.0024259347568649624,1.3085230652512048,48.0,0.999068748383757,0.30327223674543,8.810322667559852,0.011436924487588918
3.3221105255911385,0.047513724729678526,0.007545691305264148,0.0009156685588395838,1.304626133966233,42.0,0.9992642808690959,0.4094563787167976,8.410799234261518,0.00905518510533506
3.3337334117203885,0.05486772423869502,0.007824044163874116,0.004014618345385765,1.314738935286836,47.0,0.9994280180495242,0.359526723603125,8.817295938231993,0.011100758293578901
3.3453162302688932,0.06911812553931519,0.010805915421243463,0.005868273395976573,1.3124148760288763,39.0,0.9995605000459489,0.37121836497195954,7.321156748143876,0.01196485113619495
3.3568593467138457,0.08726881585716663,0.007827016138936115,0.0037753595535265946,1.3098682364932832,48.0,0.9996710877023687,0.9559153790541068,8.816603295105441,0.01147494007205591
3.3683631216578553,0.0681023598056461,0.008326847520346096,0.004200325296616367,1.3161392636264466,42.0,0.9998070648118847,0.5753995193232135,7.5343502135729254,0.01033502527520201
3.3798279101381015,0.07121766904946829,0.00825441865032972,0.004246144834615165,1.3083398213665518,48.0,0.9999062943534515,0.8142677993275403,8.834083620535736,0.020363676527557197
3.3912540621769245,0.08527845145020291,0.008941118854674189,0.005070077664890438,1.3056720912631754,42.0,1.0000109735542417,0.7382524537324833,7.330954730880162,0.01140597839433024
3.4026419233783582,0.1106966629325122,0.008890918468150351,0.0014990119099969306,1.3087808495891264,48.0,1.000107192607845,0.9436105745201668,8.834085464301705,0.01303839882971821
3.4139918350865566,0.07122996224892196,0.008892650644191884,0.000805970108128635,1.3050968242535788,39.0,1.0002097921279591,0.6306953685696345,7.653174772378854,0.011786165770786703
3.42530413262564,0.0973440492107841,0.00875620616098905,-0.0018092402056509326,1.312561788139519,48.0,1.0003055730146497,1.0332549967106688,8.857042410728862,0.01591843740962246
3.43657914896227,0.085921110031177,0.00865110496165555,-0.002860235956352637,1.3131824101359157,45.0,1.0004182410507352,0.5995892297693075,8.561063562388167,0.01376343233556542
3.4478172106928655,0.08323886414264277,0.00839084636022926,-0.005292638092199546,1.3142201958626396,48.0,1.0005269154897143,0.6823291271779768,8.855958919504335,0.02122429393368843
3.459018641120208,0.08535364877946294,0.009372287174393944,-0.01073784489830811,1.3087749869208474,45.0,1.0006434469952272,0.6887516588053899,7.328646280501499,0.012205332536329088
3.470183758829473,0.09886527361382957,0.00972803991394621,0.016775176619399153,1.3115920644512054,45.0,1.0007617587607212,0.9477221219406987,7.732746111525265,0.013308855909546495
3.4813128789037235,0.08456548077602127,0.008078149196905535,-0.002986597600032095,1.3109261237140097,48.0,1.000896708228545,0.9432948269116554,8.857722337253206,0.013251866538295078
3.4924063109532404,0.1035502460208721,0.009887521391597915,-0.0021757172124590813,1.3152117838120394,42.0,1.0010132673711751,0.7839550951235362,7.849657680064174,0.012414338280316873
3.503464361424337,0.11980166776449903,0.009150245402780187,-0.004472275672545435,1.313297665771943,48.0,1.0011299272449699,1.207351931614272,8.878836610510694,0.03623745005926414
3.5144873309160376,0.1333580498847204,0.008476732308537707,-0.004492659361539973,1.3127881652857276,42.0,1.0012300109075618,1.180708915392759,8.383143105933485,0.01159134615294375
3.525475517721638,0.10471254038054627,0.009051465960910434,0.0029357089406092367,1.3124155475054102,48.0,1.0013136409848489,0.7905465129623898,8.876870693529,0.014278953138103056
3.5364292148503687,0.14512332077346793,0.011359747948800594,0.009012042254338644,1.3196624967296746,39.0,1.0013598475934284,1.0433386864715277,7.255388629259462,0.01689045195597656
3.547348712091234,0.1339514613982699,0.00930083704239672,0.004558081935165387,1.3092655542053735,48.0,1.0013772635623108,1.1130150143691449,8.876976049462586,0.015425899741461382
3.558234295366359,0.1348809244436482,0.00972043988407885,-0.003625425318163168,1.3109623285642986,42.0,1.001364376807203,0.9712927775935344,7.698844332320563,0.013283930104777252
3.5690862472308975,0.17194252689485098,0.009825300813134116,-0.008551120131185742,1.3083646047301711,48.0,1.0013101157492992,1.7334725618472415,8.886935788915851,0.016990813354114266
3.5799048453398,0.15373413879920977,0.011336905293264784,0.005364371782374941,1.3033105718498088,42.0,1.0012159516378476,1.3110700148857553,7.268217698509408,0.014579691007426144
3.5906903655239932,0.1437458956016394,0.00980445559264006,-0.00015705874550903486,1.3120707814498234,48.0,1.0010737822164337,1.2455400194827622,8.886051298436945,0.016618508055584773
3.6014430803543043,0.11916664006918072,0.009897413296288684,0.0032627566492256037,1.3123033236589776,39.0,1.0008659710066912,0.9578663458238164,7.939196721795561,0.013165800926108346
3.612163257010827,0.1484548606908619,0.010591689580037207,0.003113490758428506,1.310032856915405,48.0,1.0005774588900445,1.3169759300374222,8.904861340849973,0.016632995720777272
3.6228511602368374,0.1646757375263619,0.010228059813334887,-0.0002149952522628167,1.3119192229043393,45.0,1.000209249547011,1.4698019617564229,8.4443693492304,0.018121640618233858
3.6335070514080567,0.15883209563986184,0.009828244458612499,-0.006355706769441761,1.3111061701004785,48.0,0.9997768486805844,1.6940118869363607,8.897012578612404,0.01728505080610245
3.644131186793082,0.1521984940905738,0.012176737134146465,0.005243904724741949,1.308033787622057,44.0,0.9993484917864467,1.0959714295925962,6.968482841965409,0.018456669904220773
3.6547238211277495,0.13934590104273853,0.010155830214187516,-0.00019602614918299562,1.308683757121644,48.0,0.998945293734771,1.1962025133888892,8.896585034491084,0.025844055620418496
3.6652852060189143,0.16808754621245733,0.010158717375916152,-0.0035967588447900867,1.3094108760340404,45.0,0.9983433391938898,1.5201827407752335,8.119584774203116,0.01601998739955933
3.6758155884002424,0.1918080308905771,0.010246321434241142,-0.0036870074877388046,1.308101482289484,45.0,0.997738593844453,1.8108381581141575,8.885413382693972,0.01702986373484717
3.686315213189902,0.17614984204755973,0.01032616248255467,-0.001136364600887268,1.3078912099166036,45.0,0.9971109396330995,1.6972725918123819,8.86569045547251,0.01785678003251028
3.6967843216100733,0.16610940919857944,0.010272238834493885,-0.0038380044874020995,1.3091837863042488,45.0,0.9965187489256621,1.0593468959996668,8.306855754198944,0.017858444412485568
3.7072231519909984,0.1437642692418731,0.010428396376645077,0.0009324000066670833,1.3064846841257298,48.0,0.9959302064792064,1.1794758756393076,8.904344033738921,0.028035292304418338
3.7176319402234688,0.1629430291215951,0.012944439865955065,0.002652355557921014,1.317133465891371,39.0,0.9954216823044261,1.2272890836083383,7.24182858454977,0.015951443230140513
3.7280109178605763,0.1364605041484447,0.010523476813158482,0.009029628234023222,1.3114325696570193,45.0,0.9949470035830993,1.318763157944426,8.919731131324921,0.017186375552137617
3.7383603180441494,0.18160443278089405,0.011044262515026668,0.0038331324879227802,1.3076111918624396,42.0,0.9945009276046357,1.1049213015184038,7.782702687456745,0.02695293247744645
3.7486803692771367,0.20117428255300882,0.011419579263573445,0.005692807550730015,1.3087280885461618,48.0,0.9940805275748965,1.7530097485937493,8.92302023585039,0.023181436384217487
3.7589712944633358,0.1788949848197812,0.013091578025477994,0.012539425778153309,1.3000183816704598,42.0,0.9937797548612258,1.285629591676825,7.25527282947437,0.019590305111441934
3.7692333145635164,0.16756424354285793,0.011215107685167388,0.005090749146833388,1.3083773995854275,48.0,0.9935394011873937,1.3821139504255051,8.924780912795994,0.02104192739631694
3.779466648037233,0.18344069543700697,0.011197066936619359,-0.002427107819285615,1.307394865259168,42.0,0.9933538701544424,1.5624798162630398,8.178118308314284,0.01882873065115667
3.7896715108007104,0.20208650107256781,0.011092444475560353,-0.000995748717977328,1.307629358028355,45.0,0.9932926192589449,1.8643511633535204,8.952166341298378,0.021451418104219334
3.799848115044753,0.19744755519625512,0.01185050390209263,-0.000519777046307014,1.3040241833104824,45.0,0.9933345924641073,1.718871834836853,8.273659034869606,0.02215935363146124
3.8099966717361307,0.1752245066804191,0.010967106727641389,-0.0014572377686054956,1.3072972551650552,48.0,0.9934942169675212,1.6485011076661018,8.928227960418043,0.022870436258670097
3.8201173944114766,0.21976870904060017,0.013588900352201207,-0.0035640465481874247,1.308292185488454,42.0,0.9936939948274099,1.6898465938637464,7.29389299262006,0.02569851437024711
3.8302104872469056,0.20703323297121262,0.01198836619120217,0.007691275780870324,1.3079974358072028,48.0,0.9939570717378517,2.018028823635988,8.93478202746764,0.0319616217516736
3.8402761536484293,0.2376182052681912,0.011557808549540671,-0.008987622906350985,1.308394354218987,42.0,0.9943468846175251,2.083117533335348,8.307974024359408,0.021626028259469045
3.8503145929230524,0.21628133507915429,0.012101603826795817,-0.007907536254163185,1.3099160170324964,51.0,0.994830223674143,2.153547260305334,8.933779039639573,0.02856459850886542
3.8603260028610866,0.20008664432534404,0.013018352904967901,0.0014346735634607616,1.3122742315116402,42.0,0.9952667472488171,1.474379381962087,8.100124175429647,0.021142237892288314
3.870310580415696,0.20618094588368038,0.012393195924456268,0.009713043565241511,1.3034089062970187,48.0,0.9958481347984769,1.7765898603504142,8.310422235298695,0.047056755069020906
3.8802685234654226,0.22208612506037353,0.014443718515126745,-0.002290887317200955,1.3093044500106923,45.0,0.996297406393345,1.6679373426998798,7.290572151511003,0.026317022910237103
3.890200022911363,0.20627321237130072,0.0134340275351554,0.005400672170585047,1.3090014119635378,51.0,0.996909011785476,1.6623416732707024,8.932009812995151,0.0302693270052038
3.9001052675865227,0.20838973592055063,0.012537606068161414,0.004915895775645723,1.304382764246059,48.0,0.9974680992897739,1.7472487922828017,8.208291461888857,0.025022924914444897
3.909984443209113,0.19227208020114797,0.012711208556731059,0.0047175937175654,1.3048457151785366,48.0,0.9980768404308182,1.7601663010057416,8.483573712412571,0.02976285762528359
3.919837733300868,0.2127240104008791,0.014703157302319837,0.0006334730372430348,1.2963065631464505,48.0,0.9985816630752271,1.732088471744331,7.321725749943595,0.034496810830139626
3.9296653272534883,0.22826248922790193,0.01225233674566819,-0.0022738919743129997,1.3064665228428118,45.0,0.9991253571243279,2.062195591353859,8.930547093160834,0.0309107510728054
3.9394674047605855,0.22684608442917892,0.012830396693214247,0.0006399502609699657,1.3031892906429328,51.0,0.9996902209046867,1.8900751384096088,8.941345378404066,0.04367221674335167
3.9492441426692237,0.20847701450610845,0.012521175111874954,-0.0012451615712407837,1.3036617708310407,45.0,1.0002727328857968,1.5459144761301908,8.351115609853517,0.025567428178644557
3.958995716518939,0.2398594025599613,0.013043714862844068,0.004214719170590874,1.3047346485013773,51.0,1.0008081875735664,2.3400496956564507,8.952714899587745,0.031497827639039765
3.9687223033867816,0.2004073732856033,0.01316047875064522,0.005738235948093272,1.3044288961404427,48.0,1.0012890736289535,1.61238999320645,8.05718039265816,0.050266991571800396
3.9784240779375817,0.1974385394854985,0.013428124585213209,0.012914255939530148,1.3052222303647605,51.0,1.0017488720360357,1.6709340630698413,8.941019383449676,0.03405619685146395
3.9881012106079856,0.2107563665037911,0.014349964536620349,0.0009531388473532819,1.3034993725650401,45.0,1.0021568211451342,1.3597754179015955,7.3943010930175355,0.02681461936912226
3.9977538681045157,0.1864697479374093,0.013251185590656559,0.0003931686727791734,1.302456545867577,51.0,1.0025211236057543,1.654573564975983,8.951434476427373,0.03226358465731151
4.007382216853585,0.2364918575520364,0.013291962942443959,0.01028052264297863,1.302412533078701,45.0,1.0029853659748689,2.0779997879146896,8.438171374802348,0.02964851550693761
4.016986427079136,0.24414986957218632,0.01313039435447261,-0.010624950763051071,1.3000035868716968,51.0,1.0034040915414122,2.192332348848171,8.95936054249495,0.03334979660940053
4.026566661589679,0.22114770519182253,0.014792030123213555,-0.0044274191288660395,1.3087228403128797,42.0,1.003758729942432,1.8615227999591613,7.8978592844511635,0.034685816044723046
4.036123078404137,0.23622962868273967,0.013699621738448619,-0.001049811800321224,1.3048936871185557,48.0,1.0042128482377528,2.0298702244213973,8.514106053282948,0.031558672433856294
4.045655837951796,0.21834242227945388,0.014636491861674487,-0.0026066740536904824,1.3082210257257558,42.0,1.0045800901351198,1.5720181217225704,6.983747549792483,0.027346940992547215
4.0551651036555185,0.275001401657739,0.014452547079472773,0.0019986921949463926,1.3039516732316137,48.0,1.004969970938194,2.166390661131516,8.542718121294449,0.046153262381783196
4.064651028624787,0.25548090458968514,0.014839682345694475,0.0007541122336820939,1.3002752784411369,42.0,1.0053849103736063,2.088356131885932,7.291782604736627,0.028742424441628073
4.074113765910358,0.24446312500152653,0.013625178951306941,-0.006612124738088065,1.3024816007590552,48.0,1.0058232806585041,1.9619918794590288,8.557020628735,0.03122804836355547
4.083553470117378,0.2571824899154029,0.016194426371215053,-0.0041096006228990515,1.295488795178231,39.0,1.0061993098400137,1.86687028590082,7.054271276519364,0.02682210386673002
4.092970296097852,0.25195762851345127,0.01507498536490573,0.0051545200439936,1.3026414232638093,48.0,1.0066555648672297,2.3388896832908075,8.58602948585094,0.043825536072444736
4.102364389721523,0.23634744134921956,0.015598397104827848,-0.0014375722510643553,1.2989692072331398,45.0,1.007152052758871,2.1693996451801936,8.462162629375673,0.03665089025249522
4.111735897736733,0.26987790693878616,0.014385673384074517,8.991057098574229e-05,1.3003346823867608,48.0,1.0077007154016246,2.437681279244402,8.600778253441797,0.03607040849356765
4.12108497303308,0.24476391148129767,0.0167105664603888,0.004746890886099951,1.3013887012205108,48.0,1.0082014227244096,2.5291952794184587,8.610008784322568,0.04622637317654413
4.130411757244677,0.2747609232479968,0.016299517010284727,0.008769854052470471,1.3042141617222383,45.0,1.0086681664260166,2.0889087701626043,7.4942201472509415,0.03644360713502907
4.139716392055213,0.2329015660970181,0.015607930200711157,0.006123856694207221,1.3028810595842182,48.0,1.0091473749341997,2.01445462276031,8.613819700543678,0.038441721737681026
4.148999022922519,0.28146622215110956,0.016567540774420506,0.008407229055997903,1.3008719106493245,42.0,1.0095485757204108,2.154081807843187,7.22901919148625,0.030972627796569195
4.158259790984026,0.29467250486413465,0.015345631311804001,0.0013955114297018669,1.2997390609198838,48.0,1.0099446264583263,2.838141721204734,8.642273469796711,0.03941383830850527
4.1674988316964,0.24420897546484696,0.01603649603333221,0.0047472851070578265,1.3003778184468036,42.0,1.0102850643065016,2.315690456356045,8.17669360914787,0.030807506938409727
4.176716285478991,0.25855131881198196,0.01656848417327803,-0.0013749718574575225,1.303071421744086,48.0,1.0105801780742216,2.3271704692501705,8.65808053977956,0.04655727738417382
4.185912289762111,0.2818061350895311,0.01696553409167676,0.003743347859198666,1.303299355526805,39.0,1.0108085076484798,1.9427586045321559,7.396112520569747,0.03196599557608029
4.195086975677259,0.2974432003195185,0.015993519786383716,-0.005032164442418708,1.2989869113390013,48.0,1.0109453733232194,2.527198037800509,8.66167359898429,0.04497704958777082
4.204240479440824,0.24469538859741294,0.01823982290650441,0.014553585833247505,1.301657684991623,42.0,1.011000621582446,2.0530167693000845,7.246276724978038,0.03922575499984635
4.213372933499892,0.3027172489590269,0.01690454111726019,0.009165725144954793,1.296426349915527,48.0,1.0109676322154473,2.987043364574683,8.68361244089116,0.043100833636122916
4.222484466689331,0.3495441073877369,0.019636447237454623,-0.003976461333473191,1.2923994903915565,41.0,1.0108439523155528,2.2784293941055527,6.899900062182775,0.03862158087719995
4.231575209108831,0.322488772467243,0.018362081052636113,0.01246099811390613,1.2934156552697305,48.0,1.0105980081188735,3.0495759198445618,8.690222582289332,0.05209602715526172
4.240645290949382,0.38441720014280395,0.019238851150078968,0.006527669786488487,1.291553319992961,39.0,1.0102575414522619,3.008685084858551,7.359415868995342,0.06792857086181169
4.249694834501977,0.4919193795220342,0.020301555361742548,-0.002482558896662053,1.2915697066178464,48.0,1.0097631429156988,4.214104388590889,8.715811007258832,0.05560658041402597
4.258723969894642,0.43170966273731204,0.018504042021695595,0.008319216118295855,1.2929066655540475,45.0,1.0092109897385766,4.3012779685604166,8.486037366983911,0.05323919117919911
4.267732820577568,0.4762387478863395,0.01923239445691939,0.00793940717513094,1.2942438952311723,48.0,1.0085495970512754,4.077706529397371,8.720894157637314,0.051620477838946084
4.276721506179046,0.48148188546504406,0.020658415546123243,-0.0006024762158822765,1.292046122561162,45.0,1.0078828868036227,3.5026666952003076,7.422796687013931,0.051491920482939935
4.285690153784143,0.376695653293694,0.01833004225463241,0.00695002098961478,1.294710392998336,48.0,1.007227859059986,3.6308554005890374,8.722524451216175,0.05065051391228038
4.294638881810775,0.3281869082866926,0.02006788865347733,0.02003178600975829,1.2899142887096864,45.0,1.0064332109679437,2.5715370284178483,7.5320368902453785,0.05050127386420003
4.3035678068934775,0.34300551012472363,0.01810651707207755,-0.0004202211089509852,1.2947514426395406,45.0,1.0056672203488326,3.309082553181104,8.73552036239354,0.05609898090800289
4.312477052651228,0.2886408866555691,0.018239479432125408,0.008312308093358497,1.2923028056648678,45.0,1.0048688864016393,2.6455763994079065,8.567044956703333,0.050524646296461875
4.321366731802142,0.279236481701922,0.018935907193836848,0.003722416583966862,1.292545980767359,45.0,1.0040172128651026,2.5890074955947164,8.431366442170019,0.05187019264963478
4.330236962314281,0.2806455942910009,0.017873404886695376,-0.00695047556500669,1.291238913125072,42.0,1.0032799123857086,2.5634371213474547,8.752941067069285,0.045742258878282094
4.339087859279062,0.31694925558846326,0.02058963762638002,-0.007024473757808759,1.2972908759960176,45.0,1.0026780742730466,2.328416804096362,7.347644385150876,0.0463197105943741
4.347919533663539,0.3231870358461426,0.01890223977078583,-0.007675704170635513,1.2886489494383127,48.0,1.0021370937826746,3.079098290820367,8.762030140461485,0.05158161884854807
4.356732102387456,0.3283698612935428,0.018747206524028635,-0.0032317280093303743,1.2935195709313534,39.0,1.0015417018395203,2.0477141399186602,7.308263918166745,0.04643722092267922
4.365525674426906,0.3175080338203445,0.019448520296268455,-0.0009203187027547393,1.292519496728939,48.0,1.0010653854362714,3.388407081473897,8.777261361925039,0.06115000617270027
4.374300359307887,0.34025967600913937,0.02192257814508353,-0.0016081445880766507,1.284003985319461,42.0,1.0007602563271696,2.3050730634010037,7.300339211935155,0.046854786414874575
4.383056269664768,0.315270290369587,0.019509065123781814,0.0011372942512566982,1.2889064939374608,48.0,1.0005106343840613,2.9091037199959255,8.780874634769805,0.06521463659433063
4.391793507795993,0.38251457356925067,0.022222288013525483,0.0025715217232753825,1.2913566993305376,39.0,1.0003398653283408,2.690132108746596,7.651283519989572,0.04825108239519323
4.400512189278722,0.3031365923560142,0.020734913184408815,0.00390643525418145,1.2902974775097207,45.0,1.0002657535828121,2.5170342329113193,7.678032495090892,0.05940150336793546
4.40921241452012,0.3451966446993041,0.021354949882242246,0.006000550042878864,1.2924584614980652,45.0,1.0002817497182837,2.020869878784599,8.430133728157028,0.05795707004234649
4.417894291464515,0.33251457260787165,0.02130548541877071,-0.007907180287373661,1.2952702919585535,48.0,1.0003695416538936,2.9719384808271405,8.800630590613066,0.0687220783459912
4.426557923747798,0.26860787767380523,0.02267463449543134,-0.009196857456314272,1.2841096125748033,45.0,1.0005187413126513,1.8043190770713506,7.364240034576149,0.05635930683617853
4.435203412456348,0.32184065341985063,0.01976642712552689,-0.011758523733783702,1.2894844281413549,48.0,1.0006950646786081,2.91904734409446,8.801633778125264,0.05729435869943523
4.4438308645835685,0.3555605827311958,0.020481279595017696,-0.007807428497414445,1.2889176113773693,42.0,1.0009374872973553,2.728416673911427,7.798629834442962,0.05005931320809062
4.452440376459321,0.3090343193187795,0.01967299323003109,-0.004875166953174127,1.28759607634948,48.0,1.0012178648704864,3.3982663701756097,8.820957047922542,0.06835702775261239
4.461032053368227,0.27916805992933175,0.01993932365677805,-0.006024108920584617,1.285909018570035,42.0,1.0015708806185055,2.460172994794187,8.2175434281147,0.05074414142445628
4.469605991510285,0.31820366093102564,0.021499437903548784,-0.015402537580681096,1.2911375995496663,48.0,1.0019188609917695,2.616975250474112,8.818728736579798,0.06826606118119725
4.478162291310848,0.3077626320000383,0.0237585837060517,0.008478683623294875,1.2937015233271612,39.0,1.0022278536052245,2.6655960356970243,7.3135674251008105,0.07427140471448324
4.486701049978215,0.32671824023028767,0.020488897019115628,-0.0016680923977094953,1.2839356451409571,48.0,1.0025227662874783,3.3908508493959135,8.820597799352974,0.06793213212341921
4.495222363211752,0.3587834497474883,0.021611234328272257,-0.0020443186614217687,1.2867280270326071,42.0,1.0028944203045649,3.026728329149362,7.562991656478074,0.06188277469542951
4.503726329150826,0.3913287060629659,0.02125119483493681,-0.01850373441851485,1.2854467338331126,48.0,1.0032249824404045,3.3889239787758005,8.827578191653542,0.0689654056978326
4.512213039775359,0.33674257693409704,0.02336231401221124,-0.002191614173427424,1.2798150521943372,45.0,1.0035208882806748,2.928346040533034,7.374835783646984,0.06557200732581427
4.520682593246534,0.33866005876793054,0.022314742818502,0.010360340449300603,1.2833078232622275,45.0,1.0037713368643255,3.3221126875596596,8.74458268186392,0.06411818709834008
4.529135078913347,0.2992576512941503,0.022812158267760327,0.011353815003176162,1.2797864070335074,45.0,1.004029875010308,2.0841001434354864,7.909113199317067,0.06598482294135598
4.5375705933202255,0.3562285010659317,0.02065005904083557,-0.005285718096171163,1.2852190852556105,42.0,1.0042264857504215,2.458285617174677,8.827182490246944,0.06409317275503866
4.545989224593251,0.2888565864374322,0.023278786659953393,0.004523598850795862,1.2839926982931351,48.0,1.0043724211930243,2.662091666849405,8.84690276941443,0.07213586596920615
4.554391066866106,0.29053465947359747,0.022281407215595177,0.010055296089366159,1.2821253829028212,45.0,1.004444505748919,2.103766614965335,8.293704546332899,0.07159104584060988
4.562776207698789,0.34426002693505775,0.02264949893563692,0.00315230197185448,1.2815117686503532,48.0,1.004434693128169,2.633089011253779,8.837262830235534,0.08405865075101865
4.5711447371660965,0.37281016979970377,0.026207289072322695,-0.005956933981250633,1.2831254982520357,45.0,1.0043585893677338,3.0250489365649376,7.342864709661046,0.08608812009758518
4.5794967439516805,0.2994455945597838,0.022725746496666213,0.007907278734605214,1.2842893279678511,48.0,1.0042110512370441,3.285406000744383,8.838234820947434,0.08015691084807448
4.5878323151402975,0.29704581125348734,0.023626835308643703,0.012990954822145488,1.285580347896612,42.0,1.0039235552345636,1.987761638814396,8.011701088833291,0.07176391614381028
4.596151538488922,0.3145310735788678,0.025544957712202415,0.00654976032016239,1.2864163504007906,48.0,1.003529917340588,2.521339057558083,8.849720887423818,0.0834562816126609
4.6044544995014265,0.3655933461530832,0.023735358593448937,0.0008318042212005365,1.2814401637157353,42.0,1.0030468456408919,3.2954958171308295,8.090296532302984,0.0665172924565719
4.612741284718886,0.34325098030858536,0.0226144985425218,0.0009195005762677318,1.282897220809474,45.0,1.0023999198497195,3.1775036718397223,8.865316628922253,0.07757456945690405
4.6210119770323015,0.3610485269813467,0.026003050520061438,-0.007974869384753575,1.2882564509377044,39.0,1.0017033704984004,2.560634417155106,7.347602630290252,0.07965530434857045
4.629266662175952,0.36123202742331834,0.02364332105096753,-0.008406152685342736,1.2796179436546287,48.0,1.0009678904448607,3.3903569142815555,8.870485947828607,0.09595329776393183
4.637505421455089,0.3477130671871143,0.024269289262610853,-0.016968415982014942,1.279210329914714,36.0,0.9999283889813164,3.0450609351414357,7.5070916654361115,0.0768360539706514
4.6457283392884205,0.3415008264643304,0.02475564678158007,-0.007435012565036767,1.2810229947996894,39.0,0.9986961905996992,2.9534643087767276,8.116590009145778,0.07834807993133493
4.653935495889233,0.3988209017894773,0.028330555848270586,-0.009367263139266384,1.273047004909916,33.0,0.9976444953662478,2.83097941912064,6.665676409007032,0.07088615156548193
4.662126973721148,0.296460666520851,0.023709451679810895,0.006944789991709626,1.2814148939607164,39.0,0.9964844333739936,2.475316684367782,8.234864970956533,0.07936166053648258
4.670302851923687,0.35220655666372574,0.025372328889748996,0.008629634117756817,1.2759075520287952,42.0,0.9950619996401905,2.7103502519377414,8.091611995744,0.08989277615895715
4.678463211243515,0.35563362531071074,0.02451827365517353,-0.0031541809666806807,1.2791106561830792,48.0,0.993651527920832,3.9737832822023655,8.893422600425609,0.10506333537754219
4.686608130256615,0.34969267862108017,0.025146143525502467,0.007891472086422971,1.2793072711284423,45.0,0.992385186895344,3.4090338839960705,8.153923055742055,0.18260676294358397
4.694737686866395,0.32292343037027643,0.024360561512588662,0.007009586155008486,1.2772980488118555,48.0,0.9912659655842924,2.9356652337085296,8.886146352155652,0.10803181870254513
4.702851959607634,0.3761249660727657,0.02973640313078552,0.01812339023841734,1.2785805702845472,48.0,0.9902580426593119,2.491283521841393,7.387024896220521,0.12678204876164845
4.7109510248269695,0.35539057673179414,0.02627091469360658,0.010998351122646029,1.2795243708167368,48.0,0.9894373765377747,3.2207801774551728,8.867749435437528,0.11322570285174481
4.719034959808765,0.37394979007318757,0.02636643539149319,0.019953450737888494,1.2781885499626717,48.0,0.9886277586997676,3.4920400144016295,8.28123033916748,0.11522166737831081
4.7271038389527025,0.3909497212533723,0.0289499362091629,0.015994595959060783,1.276612076712895,48.0,0.9881088008675005,3.0867617404860526,8.777399835949659,0.17766551502861241
4.735157738952389,0.340270878404601,0.026370412697976905,0.014221020744074076,1.2758222450381198,45.0,0.9878497640458926,3.324335337136548,8.86274178158379,0.11522382082321238
4.7431967318121675,0.41381991038112803,0.029133518941716088,0.000511696556981403,1.277389151523709,48.0,0.9879345607297478,3.3180297749742866,7.9999157389562345,0.12953957469306315
4.751220895280564,0.3746347444473526,0.028310295671182074,0.00928308564215872,1.2793798247964052,51.0,0.9883022187013976,3.787710414600331,8.881202677957882,0.14843613740554823
4.759230299216755,0.32110730021759426,0.03026264165522257,0.016303426182234296,1.2787809752332795,45.0,0.9889589531115458,2.290995225517348,7.367513279584302,0.1240854872118683
4.767225019021133,0.34775579906319426,0.027087847468899286,0.0009135413475340934,1.275348342873691,48.0,0.9900142814561784,3.1993596620911924,8.29864191012694,0.11884865677380627
4.775205124730971,0.45523532812176404,0.03002463117881898,-0.02114923160742175,1.272053622394408,42.0,0.9913853830001715,3.4171755478540344,7.030550799008305,0.10839333387056334
4.783170688919453,0.3743131650105591,0.027551859742773695,-0.012539141462550025,1.2740369496658122,48.0,0.9931037957014708,3.113390916948137,8.323157184059683,0.12007729890867756
4.791121781874846,0.376682050211661,0.032697504547866824,0.011154216433301872,1.2705617027291083,39.0,0.995042271252743,2.2777767200915453,6.871173110568009,0.09906312705029618
4.799058474073774,0.36242739558814285,0.027761251373045488,0.011704788900260353,1.2758476006150237,48.0,0.9969659306055169,3.455683862927764,8.354813598501602,0.12227584627257031
4.806980836667535,0.3236979786256649,0.03329604783461445,0.01989335870851057,1.277763321333487,45.0,0.9995567633992714,2.973366567375133,8.236273405809627,0.138360807406373
4.814888935531559,0.39171440216428793,0.027766083822844703,0.004349345486343618,1.2762272843155915,48.0,1.0018999089158915,3.5006875726778754,8.376483921819025,0.14272093673675434
4.822782843149131,0.35299805981644355,0.02943294512738891,0.015462294592949516,1.2717726956509545,45.0,1.004147172361572,2.8682704652425883,7.442765900199592,0.12654525892524687
4.830662623974671,0.3742903798397749,0.02826258129265219,-0.004344438342358528,1.2750027949505192,48.0,1.0064240612963948,3.4560928525306713,8.389227041344107,0.13258693720381015
4.8385283497522185,0.30410174617747043,0.03435747085976496,0.008263697371964817,1.2715552967524084,42.0,1.008563366428672,1.2768089640165774,7.004219231032845,0.12432576532301363
4.846380084501764,0.3954304450451021,0.029681278916923244,-0.007279506325605844,1.2742958073344297,48.0,1.0103344892250599,3.93691544486405,8.420620963686293,0.23156902431139806
4.854217895804815,0.3744374350404107,0.029296032682880585,0.013806361354145119,1.2739676863332396,39.0,1.0124974634483126,2.6940510429126845,7.429318456970216,0.1033766525218501
4.862041849522504,0.37801455165101083,0.030779634304738873,-0.0014571010889583183,1.2744309924214543,48.0,1.0141296379734093,2.4942513897557066,8.447905223521213,0.1376138805668799
4.869852009507954,0.39530724775966486,0.03211989533765498,-0.006004585426076972,1.2744574707874392,39.0,1.0152887021690984,2.9741603723552976,7.3678335429168165,0.1251956725014148
4.8776484440076455,0.4695095651655938,0.030523486275265653,-0.013876220626943228,1.2731522698147788,48.0,1.0160081117543347,3.659879671271976,8.459413021945743,0.16685485937384933
4.885431213013956,0.40849783585419436,0.036041829871867,-0.018026165921467174,1.2717059902853536,40.0,1.0163678684668611,2.3433275484342895,6.221443891752125,0.13640709799420675
4.893200385108224,0.35159064290051395,0.03322930004895593,0.016052303659318853,1.2676232965811056,45.0,1.0163104010994042,3.1324740954283015,7.646033150995377,0.15669919302305765
4.9009560208199066,0.3495597196062387,0.035721451131436176,0.0013311514278385869,1.2678804690418823,43.0,1.0157683553324819,2.863935569944295,6.986958169165985,0.14008851802228522
4.908698184074682,0.41694416388712163,0.030946798764874724,-0.019232817531778936,1.2701228201668642,43.0,1.0148480003198754,2.842991817066634,7.775472099894261,0.12780238516469164
4.91642693748202,0.37386810842976664,0.03437584999156347,-0.00011371353422560051,1.2680617643571221,45.0,1.0138037664032622,2.8415510592848903,7.159869193337825,0.13115802216097294
4.924142340430227,0.3833166624302611,0.03100294352075011,0.00762357447189004,1.2707762638088305,42.0,1.0122329593326032,3.565207907092394,8.518279108568859,0.13225651635403743
4.931844458394037,0.3881802756187757,0.031687461911130595,0.013352326886651094,1.2713886852193308,48.0,1.010488533722343,3.9897649974177534,8.541536220315052,0.15270141075366267
4.939533350493424,0.4233053426890708,0.03542723605108638,-0.00019453800384048757,1.2681043483969914,42.0,1.0084722232093897,3.150113524754234,7.985135956153057,0.13857654266656808
4.947209076997329,0.3734255774332048,0.031024248441775135,0.015484384542178327,1.2668940493162637,48.0,1.006661410812121,3.18553345337588,8.554343411023103,0.15243683556721482
4.9548716987333306,0.42704584665227413,0.034605420963708874,0.005726911858412646,1.27029568478734,45.0,1.0047959496948582,3.1808014538706155,7.428957105419947,0.14557128687475768
4.962521272818518,0.4070812596667487,0.03134929626347134,0.008307362790198154,1.2701869906837822,48.0,1.0029187538347317,4.257547247031654,8.562059663391091,0.16571803153427
4.9701578621885965,0.35376852317352164,0.03908950787644213,0.0014492679935708918,1.2644711610109516,42.0,1.0011938333348833,2.293811385098063,7.305992098863347,0.1796336672703344
4.977781523548267,0.3225474450905115,0.03094149078633805,0.023872220030769144,1.2699014395099824,48.0,0.9994816655451824,2.7585041370212857,8.589510014511186,0.15656833681667331
4.985392315772933,0.4719748924553658,0.03376737452466727,-0.01074180525685603,1.2698865656408047,42.0,0.9978994531561078,4.076774787475561,8.00232703972683,0.13670017027969356
4.992990296999371,0.3914269015631851,0.03207247232308135,0.020293096217270427,1.2674869998939184,48.0,0.9964312160755513,3.9662388470837286,8.60583144682268,0.1652297792237218
5.000575522417466,0.30726716157305733,0.036204996001961046,0.032229141289484724,1.2748226207339746,39.0,0.9954282626612287,2.0394825154516076,7.359073027761588,0.13531058261725593
5.0081480522126505,0.4393401653860989,0.03398184935800083,-0.00234139228847351,1.267703363596688,48.0,0.9947774411970901,3.6854633928152034,8.613015553764889,0.1727522236747698
5.015707941600606,0.4389025345889335,0.03558350723992614,-0.008861756987445983,1.2704772402251006,42.0,0.9943041182845335,3.8705948051365664,7.228155626289106,0.17170270618069175
5.02325524469211,0.49744656424974676,0.03402297132802487,-0.0011107052270304875,1.2685691877797247,48.0,0.9941499741105063,3.7761509246572684,8.632840639277386,0.1801909777722965
5.030790020436965,0.5483151740410154,0.04152526111560135,0.019576436761516748,1.2595334396360411,42.0,0.9942182503468496,3.361222579608517,7.231650814793615,0.17666614713348566
5.038312322352612,0.3497524638502336,0.033831543714012,0.005018351736371241,1.2656690460682218,45.0,0.9945415654659383,3.0831034113464977,8.383442884713094,0.16754277671503282
5.04582220443159,0.4817077472460909,0.037142310224366204,-0.020128784609627658,1.2666003856811348,36.0,0.9950821351396416,3.8535612216342607,7.181813894830664,0.13618822783186604
5.053319724044501,0.37663270174475744,0.038925028614638264,-0.0006720107609992779,1.2714686223216518,48.0,0.9958179167745937,4.020265091909231,8.668041251523084,0.20895517439328315
5.06080493153733,0.34094706389878465,0.03851254857158869,0.03328759032102941,1.2639252606076883,45.0,0.9967872763795084,2.530864490265288,8.339399039684137,0.21835100451503967
5.068277884218733,0.3526388868695809,0.03541495201683059,-0.012881647652214093,1.2702398136648307,48.0,0.9979561707723104,3.4468167317394407,8.671689776205723,0.21240637441989904
5.075738634147299,0.5081502176542211,0.04652707014410305,0.00600415769721326,1.2590655913446036,45.0,0.9992893703178568,4.027811884871073,7.403010203953015,0.24113946772451345
5.0831872323948915,0.4822913972690788,0.039000915623770595,-0.011774284958482841,1.2679887724048822,48.0,1.0003920240943274,3.8195444162458365,8.675591569534108,0.2188851090163791
5.090623733967019,0.44301283243126505,0.041525337442756396,0.00824188277983097,1.267312272137193,45.0,1.0017743202070015,3.3331277004048903,7.598287923418269,0.21377934289370049
5.098048190235946,0.4298531294632676,0.03855417605750576,-0.0021461676573078263,1.2633397444046965,45.0,1.0035982010826887,3.5700990568176514,8.666362234338912,0.19095427404176218
5.105460650932008,0.3429834885548101,0.03858310283873341,0.024486998871852246,1.264463460707406,45.0,1.005153655345741,2.9187508640245046,8.491931504521817,0.19650861104417966
5.112861171124664,0.5011111517074863,0.03985425775522474,-0.008439447282855414,1.26729272045679,45.0,1.0068013786742254,3.330289321883438,8.268055352955006,0.20843786583120705
5.120249799967009,0.36336353856316433,0.038461526807493276,0.0015397582965624875,1.2664368323331319,37.0,1.0084410815620726,2.9714328169320248,8.376134085036563,0.17722696880332622
5.127626586109611,0.49878608976495425,0.04596181731785942,-0.011502359262987457,1.268880059010958,45.0,1.0100779237824207,4.0241989928737345,7.362488927423751,0.23671564684357152
5.13499158404899,0.4598052229455992,0.03956187436796541,-0.0033870316733779,1.2626954107868629,45.0,1.0114430365987064,3.893535132693902,8.327032394638746,0.22375890251533845
5.1423448409340295,0.5501259846060573,0.04137109099594522,-0.022036704143193298,1.2607451003030326,45.0,1.0128503599941752,4.130771119171834,7.75779494456711,0.24734985625764314
5.149686406297087,0.6070553212721174,0.0487853162986631,-0.004562367314117042,1.2590631644788437,45.0,1.014179224788372,4.251484458000894,7.423698469974832,0.22065681182221758
5.157016331411638,0.3575123310009785,0.03981352009575823,0.012574543961341072,1.262425844676751,45.0,1.0152408746168,2.8627572066282183,8.56208452621463,0.20798966460225243
5.1643346636862635,0.39956268059387123,0.04101574060703428,0.00339568134894001,1.2579411248404566,45.0,1.0161591478974052,3.293184121346407,7.699531758141314,0.22072081963619047
5.171641450443849,0.4721358829123923,0.04029188074617126,0.004041239986357048,1.2581256844861952,42.0,1.0169392885572508,3.900626872300199,8.716510158203665,0.22943907603573813
5.178936742844463,0.4530755728680667,0.04135905319529108,0.002315030486261396,1.2582367823121368,48.0,1.0173652672313624,4.0506168267689535,8.742547700888588,0.26964770319803655
5.186220586902321,0.5219346092522991,0.042434054518260225,-0.004703128866031954,1.2571168835287456,45.0,1.0174226963956563,4.671111314077723,8.249814570216321,0.23398952713565813
5.19349302890739,0.3816101513314096,0.04067772725793234,-0.0003654487556946103,1.2601962155001953,48.0,1.0171113339214135,3.3569181159332,8.737410824186343,0.2646742613255622
5.200754119730561,0.5056677728395599,0.05093239381233917,0.01824383452738274,1.2593941349497464,45.0,1.0164290404087168,3.681078531120748,7.3861490588970895,0.3026612394566108
5.20800390360616,0.5820573285674884,0.04320298304813446,0.006910165916183731,1.2569286070889027,48.0,1.015477383922015,6.032842336550369,8.739509922100956,0.2694042652716428
5.215242426044012,0.5486054576395653,0.0447123890986885,-0.03860130595028281,1.2582296671382844,42.0,1.013633981143619,4.581885378402293,7.788336621835688,0.26498513566856835
5.222469736365516,0.36090314362032244,0.042265843545241565,0.008393392660912373,1.2558172154302196,48.0,1.0114447631141663,2.947559055342767,8.753120969321193,0.29012867563778527
5.229685879127098,0.3942392045894496,0.04442185858208354,0.025966990684725688,1.254978136938494,39.0,1.0085443024472522,2.976834366919703,7.126240211509129,0.20038676214744647
5.236890898475908,0.5549520448721644,0.042068603920391155,-0.01720739506843575,1.2562316493718433,48.0,1.0052588588548508,5.252436540415553,8.748630245800266,0.25788256361373174
5.2440848418379105,0.4825892009375984,0.050941966666433185,-0.021975278547438692,1.2611137326182613,39.0,1.0017173556109658,3.480415399796577,7.343684392829725,0.23587806334586706
5.2512677540350845,0.4185913712742294,0.04228920664044101,-0.010928493609214397,1.2539955764576414,48.0,0.9981162877168682,3.8039650942473044,8.75012110657459,0.26212437915272657
5.25843967790284,0.29661756509497395,0.046647198710034414,0.014811971323831764,1.2544770095489857,42.0,0.9935581314240449,3.104785837246835,7.433989017505684,0.2655149406451645
5.265600659594851,0.37561875443952325,0.04378054903777033,-0.010233200248633372,1.2531822810879707,48.0,0.9888607098381333,2.882470882023379,8.752436650693511,0.27438644934716344
5.2727507430247265,0.605000572904873,0.051291542879213746,-0.0105053585570078,1.2487056606298634,42.0,0.9847733385870091,4.108029127526299,7.292811565566913,0.24353784507765822
5.279889971262758,0.435445233873141,0.04761329365798334,-0.019553539298550672,1.253754207847355,45.0,0.980029050190177,3.2672748399187808,7.907132598363206,0.2908417676469953
5.287018386996745,0.46123207194943505,0.046872847851053306,-0.019828634802017624,1.2548085225892516,45.0,0.9753287374451716,4.352476145810555,7.919074665751291,0.32628842460804114
5.2941360353656055,0.4711908139148138,0.050911256851327046,-0.020186732513617515,1.2566752835467496,39.0,0.9707154514475115,3.960679528010193,8.071374904578386,0.28458080351215975
5.301242958602139,,,,,0.0,,0.0,0.0,0.0
5.308339197301848,,,,,0.0,,0.0,0.0,0.0
5.315424797128845,,,,,0.0,,0.0,0.0,0.0
5.322499798542345,,,,,0.0,,0.0,0.0,0.0
5.329564242765175,,,,,0.0,,0.0,0.0,0.0
5.3366181712699525,,,,,0.0,,0.0,0.0,0.0
