wave,flux,err,sky,path_corr,npix,norm_corr,flux_sum,profile_sum,var_sum
0.58,,,,,0.0,,0.0,0.0,0.0
0.5836851085753291,,,,,0.0,,0.0,0.0,0.0
0.5874378771811705,,,,,0.0,,0.0,0.0,0.0
0.591260215571612,,,,,0.0,,0.0,0.0,0.0
0.5951542612478814,,,,,0.0,,0.0,0.0,0.0
0.5991219350103587,,,,,0.0,,0.0,0.0,0.0
0.6031652486825945,0.025033592141935825,0.03000655775796915,0.16018975432034543,1.061179612255196,9.0,1.0219069141512318,-0.0073166649718239656,1.3680884197799479,0.006436256234379206
0.6072866429848921,0.01580465127452277,0.016760942275056957,0.1620368438380383,1.0618495588091104,14.0,1.0221021992236399,0.10516866590004248,2.665968319246219,0.005929802260011491
0.6114883288153422,0.03825557782807817,0.014516758098287744,0.1640035142503499,1.0630172190065448,16.0,1.0275633824392665,0.13364361975895941,2.9989373855148758,0.007606808757075739
0.6157725852112719,-0.01766803605409052,0.01870455416692323,0.16521162402475478,1.065764785420097,12.0,1.035368589120068,-0.1466363045749889,1.7859078355512825,0.005872446254962984
0.6201417925338175,0.010150706469051984,0.014522214751649937,0.167972073830707,1.0610879763322254,15.0,1.0394786942089127,0.012785889007094528,2.701062937590144,0.00654372775191505
0.6245986421722293,-0.005813987970498809,0.014182447949918483,0.17044997506678244,1.054764711540218,11.0,1.0416802786679593,0.039760311160192796,2.984414777505864,0.0036526558260950416
0.6291457664413497,-0.0011135949968667997,0.017701780664197066,0.17332639179038412,1.027554315520043,13.0,1.0047646325493418,-0.05472678187450266,2.094650884970164,0.0061619319693109464
0.6337858404237796,-0.06542898741855686,0.014697844165715047,0.17575047425309553,1.0636932285533334,13.0,1.0551588624902153,-0.11911937236043432,2.585726518524455,0.004672453968450277
0.6385216506886465,-0.01718533139455552,0.020397471376211646,0.17769770812579694,1.068306081264219,13.0,1.0572167098409486,0.007613188443120037,2.0648798909930215,0.005121160848205778
0.643356097508133,0.02559234624174484,0.016097168292090732,0.17915965535743625,1.0633273021795637,14.0,1.0621149978090734,0.11627100338447832,2.704823997190442,0.006194755674697365
0.6482921961234418,0.0065169404292389765,0.01489378135633491,0.18062982929441948,1.0643896661385381,15.0,1.06463047927285,0.048826952475521865,2.7641249175471643,0.005282297565944451
0.6533331269727229,0.0184305663847083,0.01531764264861039,0.18091364130895027,1.0618272160562496,15.0,1.0681331350326868,-0.06223420382847217,2.9933997584077296,0.004183747607110651
0.6584822006004801,-0.0015328628341476592,0.01315369133147943,0.18176822333433157,1.0319835646136242,14.0,1.0705748014070149,0.0024509062851605715,2.861168128733201,0.004498911703342592
0.6637427687884045,0.014597494966932238,0.012350184943761663,0.18421060884915708,1.0573867444567546,15.0,1.0696194561608934,0.09377927388702213,2.999365545169023,0.0042908569627944015
0.6691183091358435,-0.015775609503357494,0.013578060030311659,0.18521820998359884,1.0615927299065393,12.0,1.069154185019827,0.002154065115904713,2.317546460855096,0.003800651038470937
0.6746124267713053,0.03252627285274023,0.010520098054610384,0.18512659195077374,1.0589261690464593,15.0,1.0686540625610628,0.14297941459592703,2.920022440468929,0.004291152396521426
0.6802288545553616,0.02183912358095406,0.012505614315136625,0.18500173551415514,1.0600517171090527,15.0,1.0669342155054466,-0.0014053498236168034,2.8169755498589177,0.003340345355090251
0.6859714560919713,0.014723433498773846,0.0121474758520136,0.1850495986200058,1.058660098261614,15.0,1.0651086124244864,0.09069644826948435,2.3517080576256477,0.004092623030494139
0.691844227959342,-0.0031637114156358895,0.010673761509153326,0.18560904621253768,1.0774163957191585,15.0,1.065994492405283,0.021351216756321675,2.996126245581938,0.0035183470080745608
0.6978512983243266,0.015005281487074064,0.009428592682689573,0.1856545468711629,1.0600924096811049,13.0,1.0603601787391896,0.05099830346511974,2.728819410520609,0.0022332591615740515
0.7039969298328147,0.0008730922156769496,0.010071241252624163,0.185707612145182,1.0618945732993357,16.0,1.056678085727168,-0.012927777923565925,2.999010481099413,0.003072679504380087
0.7102856085857414,0.02336384973355618,0.008902397784820115,0.1856306290045913,1.0570603394524605,14.0,1.054441541043891,0.01898112156343195,2.902486888839195,0.002972635795564271
0.7167219126183257,-0.01481009283155192,0.009265981949274919,0.1850745119904729,1.057273735191952,16.0,1.0532023995308035,0.07872549270304527,3.002970134781107,0.003097437542553092
0.7233105291495501,-0.006483977976482315,0.011442974970245668,0.18530855290184178,1.0500717739005232,15.0,1.0502192288422567,0.08292141567413912,2.297762416636618,0.0028763025637849405
0.7300562801462376,0.012445893200992764,0.011018183750776,0.1858270942237654,1.052272727412717,15.0,1.048070363885126,0.11669968657235034,2.7935110185562735,0.0025654591414370105
0.7369641201458388,0.021969481418355523,0.008973971619499872,0.1856965896467267,1.0517827913941322,16.0,1.046352975148747,0.024152200514229706,2.999727669803129,0.002628910301427789
0.7440391997921404,0.018946850421636918,0.00935744371817168,0.18602507821495462,1.0510089425766724,15.0,1.0448316231181694,0.0963021360758396,2.9990143680876917,0.002361150239149011
0.7512868788768211,0.004294039960983068,0.00827456517682991,0.18724886539412056,1.051983743431575,15.0,1.0434367192243479,0.00904901242204416,2.8967361901435917,0.002300174982571407
0.7587125091385601,0.01884823939998137,0.011223183424029712,0.18817515650153172,1.0488559915911608,13.0,1.0433768167181734,-0.03532069792856153,2.2470964564407594,0.0020395784872433848
0.7663215926443134,-0.010335163285508334,0.008589591230734309,0.1884151378938459,1.0466547382258469,16.0,1.04297076910374,-0.0626762338162156,2.996805799261102,0.002527585430173182
0.774119919436049,0.018450867968441673,0.008570951464075865,0.18949386675549232,1.0457485969529043,14.0,1.0425811832741294,0.12487350975198916,2.812098842738055,0.0020182052902477975
0.7821132007259336,0.010345316254098564,0.009913776941864303,0.19044523341107053,1.0455258045408264,15.0,1.0424299610605443,0.09395081765668037,2.2788564334010912,0.002581000397566038
0.7903073872275499,0.006261351490317559,0.008428809632299774,0.19115981197424406,1.0456966525161462,15.0,1.0424325169460749,0.041791277591624196,2.996416022640207,0.0024836053582172474
0.7987084651175618,0.00130591653595313,0.007939062512020664,0.19174094496798208,1.0504088883277913,15.0,1.042458096010237,0.10541623320155968,2.7732987300968297,0.0024206357670753485
0.8073225394191289,0.014209287498985576,0.00840122336831003,0.19274109661945948,1.0424047321500132,14.0,1.0425030594122058,0.1406313953639156,3.0000066066954307,0.0020814059982158166
0.8161557536067607,0.006260756397677897,0.007863757447091791,0.1930976128783882,1.0400002127180885,13.0,1.0425190887974722,0.19695864283763673,2.814581012056928,0.0023628639241595945
0.8252143502760124,0.009454228522931736,0.008149020842526207,0.19343086758005593,1.0396890785792092,16.0,1.0424220331204204,-0.12993685834069868,3.0016506957327085,0.0027222517702829192
0.834504545011099,0.014195336849138575,0.009574614994238177,0.19362727584876982,1.0374744669852405,15.0,1.0421466628716118,0.17100492947487947,2.22065641711536,0.002450733575731288
0.8440326001886391,0.012204555870263378,0.007946567067782368,0.19216512323812426,1.0350773529596051,16.0,1.0415727177102139,0.046055208623688185,2.9972085277394447,0.0023764525692601514
0.8538047314180898,0.003926871951768036,0.0070466657469488055,0.1894146617242236,1.036001648422855,15.0,1.0408404316026807,0.04621801535736007,2.8418912845610866,0.0021158076016910225
0.863827101018897,0.020177192155001897,0.008119389327225938,0.18934177610517258,1.0359496549992948,16.0,1.0398035348459067,0.10544271093849938,3.0000108673705848,0.0023508222894820193
0.8741057900388345,0.015157360658904101,0.0077302051209594165,0.19080109841278475,1.037606195527583,13.0,1.0384009004780645,0.09380801046567608,2.918083899224774,0.0017740251851793886
0.8846467458414128,0.006561583336581098,0.007398531239957502,0.19173112671402123,1.0331846367211213,14.0,1.0369509806079262,0.10518215675605896,3.0002054634619477,0.001817457584800707
0.8954557180203407,0.0012471592554845012,0.009293668590042256,0.19162578935498065,1.0411233107713496,15.0,1.0347143610906424,0.043169213364221484,2.192241590739816,0.0020576606539471835
0.9065382439315256,0.013395632941162411,0.007625631908712618,0.19077857024039405,1.035655433432968,15.0,1.0325793196341995,0.1624654906888886,2.9628727698485426,0.002210766321131563
0.917899600133022,0.010412963846756114,0.007399632854923744,0.1899607111192553,1.0338627231650612,14.0,1.0306280909318197,0.034696948282511623,2.811095652333403,0.002353143956483528
0.9295447399190664,0.0037448813750762997,0.009198908267198366,0.1896115469886028,1.0296617724229464,14.0,1.030239395271451,0.004752970605696864,2.235482708932544,0.0023373758079502835
0.9414781779776228,0.004669985554041801,0.006870733866005369,0.18988745636137286,1.031723742625946,16.0,1.024778773792329,-0.07334149639694505,2.9981506573248766,0.0021513240173857656
0.953704006410979,-0.003024796557610187,0.00711343767957253,0.19016483164446737,1.0366404543996321,13.0,1.0259855447018718,0.016771456479268556,2.801823557825924,0.0014390698369091232
0.9662258385310472,0.011577351186841575,0.00730711530872497,0.1910956708680484,1.0338059123026901,15.0,1.0187099448745112,0.040331142762636066,2.999785394139081,0.0018831050114212213
0.9790467547363041,0.012881856965281546,0.006715965519978923,0.19229254193237283,1.0319447005328781,14.0,1.0157014474501198,0.12302331480461783,2.9470479563741607,0.0019168849180982565
0.9921691657178157,0.02124195389805847,0.006458928387905539,0.19352606952060486,1.0334258824005402,16.0,1.0129745716774468,0.1505398061674338,2.999882514243815,0.0021302597796501
1.0055946541021599,0.008490935829343018,0.007841634672187278,0.19418828512559572,1.030913456225995,15.0,1.010401697446081,0.14339438973493687,2.197509865880132,0.0021106142081175772
1.019324339057131,0.003341268513408455,0.006783243626335459,0.1951123036271898,1.0305071078450743,16.0,1.0090779806180161,0.0067010342312057635,3.0014816610614576,0.002154033956497565
1.0333581625344184,0.0034281053434501016,0.006537525279283094,0.19612343640745458,1.0307514504440547,13.0,1.0052988701066838,0.03885067646240188,2.7477497732962113,0.0014818186031186733
1.04769562118343,0.0005126780518361372,0.006635522171478363,0.1963831808498682,1.0350015384336866,15.0,1.0014713559854502,-0.034965886916467404,2.9996442419951674,0.0016225415362566904
1.0623348095831198,0.010172298687852627,0.006772283652908846,0.19697524668580108,1.0383447114424567,15.0,1.0024721871307885,0.1117194572833071,2.909460436157231,0.0017044787563425443
1.0772733104231236,0.027341614348647198,0.007205544906756298,0.199266949365122,1.0390177587674072,14.0,1.0005596329868311,0.11192224683344808,2.9972173448746107,0.0014096507963841736
1.0925076238365548,0.023235521773474616,0.00853129864670817,0.19587789048239762,1.0412969830932766,15.0,0.9993782887832376,0.10279028440580895,2.205792944041087,0.0016988402394684033
1.1080329895883543,0.016821655574552723,0.007180459179585268,0.19275364602218928,1.0404249826074126,13.0,0.9988537767029159,0.13696199424122518,2.954937522565078,0.0012491899232772478
1.1238439247626621,0.014879539763313247,0.00639089812780098,0.19159237196215237,1.0428535019686285,14.0,0.9980445342314973,0.06759574959411252,2.675715033660772,0.001441429733058396
1.1399339202296326,0.01497909079616548,0.00773324053776591,0.19168322911944205,1.0424260532853016,15.0,0.997716930644812,0.10183834597188954,2.2578953105863313,0.0015478712615186283
1.1562954692118335,0.030652525652417665,0.006375805422287948,0.1927041858265154,1.043910628144351,15.0,0.9975279528819337,0.23700453646876216,3.0010092931109735,0.0015667103054889241
1.172920110207348,0.0193169170893993,0.006505667117346783,0.19352994121921605,1.0437684757136154,15.0,0.9974645761201926,0.08219249855227789,2.7894821160294274,0.0015376340291872726
1.189798482477525,0.015072054133615481,0.006262378521947475,0.19468438261815035,1.0446741885535298,14.0,0.9975846889159982,0.041481093026379035,2.999757294797844,0.0012687060308161952
1.2069203946981257,0.016175329259596565,0.006561440640091004,0.1965963526363141,1.0456596372842557,15.0,0.997748484713222,0.17955067639426056,2.9990716935031156,0.0016987242219268857
1.22427490282959,0.02293676403671561,0.007410071532303865,0.19883820081270637,1.0465376045566879,14.0,0.9981212179910943,0.15597548931797814,2.9182450598422784,0.001402469847238843
1.2418503998866297,0.0269184006772624,0.007217969715683337,0.19951907137338917,1.0471540354486646,16.0,0.998559436534669,0.21916313080045585,2.9979836663773316,0.0018957176163768863
1.2596347079726347,0.020623198455636302,0.008719616035560512,0.1989748383225658,1.0486112500580105,14.0,0.9988063119744077,0.1132062712234704,2.1342593036526063,0.0014058894434993933
1.2776150098076984,0.004890504385714664,0.007689917387984668,0.19765398435186532,1.0457463259586028,14.0,0.9988756981309422,0.03296462884050752,2.126435652512958,0.0013926280202892396
1.295778068512631,0.0125417765618404,0.006756796279286122,0.19624052300747793,1.046540089152079,14.0,0.9996569338944238,0.11783362687908795,2.7151490275780006,0.0014220547434176773
1.3141105508925275,0.031040812479641557,0.007523632302739118,0.19580668312437177,1.0500386152409042,16.0,1.000078755218341,0.08685876962548848,2.9997304013921653,0.0013770150581848071
1.3325989336743904,0.018500588189470087,0.006657158283226275,0.19484572180179133,1.0489553228188502,15.0,1.0004811261400366,0.11202053764426712,2.9991590702636346,0.0016178322878519164
1.3512292027094672,0.038445928116761806,0.007376346656900608,0.19435563208146656,1.0499984374802716,15.0,1.0007352060630768,0.13395509134718692,2.8765688240481424,0.0014646284646832224
1.3699877959948106,0.004281834230811488,0.006988960230250881,0.194331328949114,1.050757201639342,13.0,1.0008573691762346,0.0500039868030074,2.8689360928404692,0.0012758772842542873
1.3888610454771944,0.028747707766480522,0.008702145377472527,0.19495381477716503,1.0516113934834355,15.0,1.0011317475941253,0.13130258198290204,2.254689512813549,0.0019286958873328422
1.4078354054332207,0.012260052662180198,0.006886963455502152,0.19497916293032833,1.0508409742931528,16.0,1.001267191199766,0.06199084801580373,3.000303338003863,0.0018633383403470671
1.4268978129515848,0.02591395279467265,0.00741216164954126,0.19545206021499384,1.0500993108256471,13.0,1.0013986427601291,0.06031978780581637,2.7987000575600005,0.0014733027955033254
1.4460351644415461,0.039344065995368396,0.007258776624485024,0.19682136353144333,1.0514190596171251,15.0,1.0015838406662774,0.13021441539774897,2.9982635399012745,0.0016000678282982474
1.4652351804118575,0.023056774408972254,0.009085548753217414,0.19818354921860978,1.0514242812526253,14.0,1.0017429511676461,0.16257860883049668,2.2911682418269375,0.0016490495613968802
1.484485542835912,0.03661262305124718,0.008313741496443731,0.1999581294690929,1.053602063051984,14.0,1.0019514654463506,0.18519783667725773,2.9995229356720476,0.0018811287396949805
1.503774894158332,0.01837047852372711,0.008885542321346897,0.20161634210025395,1.0535879266550523,13.0,1.0021930687483913,0.021584600796167402,2.77950197755919,0.0020777065402609834
1.5230919289675537,0.030705595434527496,0.008705407411236436,0.20354651051008807,1.0548427327752519,13.0,1.0024295062856532,0.1531088460457222,2.9992469938985407,0.0014989606295196254
1.5424263132204807,0.022736790972606412,0.00837090929143143,0.2044274936684801,1.0544257734472153,15.0,1.0029128305370043,0.12320483898034107,2.999472245683693,0.002212163942115292
1.5617678733561122,0.037293979978371694,0.008219234970654582,0.2026816279834315,1.054537568247544,14.0,1.0033911904879171,0.1990289435845109,2.997769895365275,0.0019666895640910224
1.5811073562502567,0.012818674506803476,0.008018795550813113,0.19965188333202288,1.0551942213442151,14.0,1.0040884403411898,0.04890385191498999,2.890193809669127,0.0021792790203040095
1.6004357718665838,0.0297429911117572,0.008533671090680123,0.1973874511049533,1.0542584375705655,15.0,1.004844172146054,0.04841072038550656,2.997600192530982,0.0020098459163212837
1.6197449660294148,0.02138599854379763,0.010481507451691062,0.19513898063151433,1.0562878174247312,14.0,1.0055077067011864,0.12895580108268376,2.2878526129120136,0.002387304392933087
1.6390271122827214,0.02228356174112378,0.007902744708477877,0.19290303660811806,1.0547791831062654,12.0,1.00635935377116,0.10386488340592737,2.914275513707274,0.0018046296462995014
1.6582751384955747,0.0143595547936917,0.008474106911676101,0.19003854043976967,1.0584400247547403,15.0,1.0077248311225624,0.12839860648155604,2.9997795467758297,0.002127799570508865
1.6774823285483327,0.034605959944177145,0.008734616441952421,0.18744677194940054,1.0573350903484,14.0,1.0087860191654108,0.0545819495174112,2.821711509879397,0.0019455037065703115
1.6966426491323692,0.05300641509298556,0.008458614312724311,0.18563868280725676,1.057235027385786,15.0,1.010368616650629,0.26428535275339654,2.999108397675128,0.0029352484018556734
1.7157504065023585,0.07122806073874485,0.009955501858780455,0.18360072671623312,1.0578434731669593,13.0,1.0117924436477272,0.19851525901168401,2.878503864047974,0.002190602674136398
1.7348005438698328,0.07728213496656136,0.010754608591819674,0.18111717642162786,1.0572497100264873,14.0,1.0131552942651056,0.35006791000607856,2.8424149264162133,0.0026653586274781754
1.7537882957827848,0.10906045583420265,0.010766643171104737,0.17967632917801626,1.0578056565161986,13.0,1.014820505283071,0.4128949316057813,2.771390140473576,0.0024260243684429477
1.7727094873374194,0.09538286051622123,0.011546282491965165,0.17726693323074103,1.057901458609585,13.0,1.016524501624139,0.5886021749470568,2.9969918005584653,0.0030828579271609297
1.7915602014168344,0.11203336585252983,0.011659277176990798,0.174698513836947,1.0597848969643555,13.0,1.0177987247724611,0.31605055595169107,2.160397241818317,0.002018036021218697
1.8103370271307406,0.14913046616229614,0.010125810720881813,0.17092162954891135,1.0585905692083495,14.0,1.0190407871633753,0.47423629226623953,2.9015441469504446,0.001988967772698281
1.8290368449051946,0.18689556376614835,0.012217507174083361,0.16683866716024423,1.0597722070572844,13.0,1.0207643629635295,0.6698482372280247,2.726825459828339,0.0025729846505851257
1.8476568906461937,0.1985998274933294,0.010444627461967592,0.16382923454211523,1.05917039517555,15.0,1.0220429322522295,0.6523514707777222,2.9974361234679976,0.002453268549029417
1.8661947450366239,0.21088170275952103,0.01595764332603405,0.16030573424470929,1.0594611606728928,13.0,1.0234145511130952,0.516124042138554,2.160173930127525,0.002417176966836735
1.8846482083551959,0.2186108629527618,0.011479529668143881,0.15860850409869545,1.0598236025741479,14.0,1.0243878422119699,0.7561949718711393,2.997573450758626,0.0026694107615233614
1.9030154271188704,0.2021140632869461,0.01196867795932153,0.15793851291005007,1.059442379068772,15.0,1.025552842359662,0.7120705196463932,2.9985254301510844,0.0030250178193790118
1.9212947744597593,0.21684129637978725,0.014198011149527638,0.15740962471810635,1.0606510945485126,14.0,1.0265749399595097,0.6955965407360667,2.774914740789932,0.0028347816743304
1.9394848318047353,0.21579756673556993,0.012938449997191456,0.1563526023416963,1.0610447383155688,14.0,1.0273359601986163,0.6639804381266445,2.9974140271915006,0.0025911833030215106
1.9575844354875391,0.25478426690053757,0.013231966251070787,0.15590260736756195,1.0601850843683533,14.0,1.0280655163771835,0.8451740765452552,2.9952318344572197,0.0025432532605412766
1.9755926116367761,0.28113102543253465,0.012440509825133044,0.1559131936535287,1.0600840292561198,14.0,1.0286529227761576,0.8410080873000679,2.8593556484981013,0.0030407206112330457
1.9935085372044494,0.25455282561602965,0.013445435471911637,0.15565243387748742,1.0615574306136075,15.0,1.0290861671224782,0.8255964290504729,2.996848817961483,0.0031429423013450853
2.0113315901179836,0.26241297433145655,0.01218007193399265,0.15484319623676893,1.0607677566065012,15.0,1.0294422177290008,1.0157161232826237,2.9975996314490336,0.0035776542987275175
2.0290612972848603,0.2989631350753167,0.01546993439008326,0.15398635953708467,1.0611159973444988,14.0,1.0296829747970053,0.8679768165423047,2.321975266413306,0.003656294750206446
2.0466973210851362,0.2970613513882169,0.013951299689741452,0.15315853022815956,1.061046541034889,15.0,1.0298816775801567,0.9497636474873347,2.997380332857961,0.002997284813143731
2.064239440861173,0.2944409216994491,0.012565217521509308,0.1521204766931279,1.0607923307233902,15.0,1.0300783872409243,1.0440253093958995,2.997365755635313,0.002917182584837143
2.0816875658764213,0.3188134021736417,0.014715787375006997,0.15125903653894796,1.060804073756115,14.0,1.0302643156448958,0.9858671219317754,2.8192767755786585,0.003219535704978921
2.0990417114575735,0.3603214355483924,0.01396120932734303,0.15046674659703224,1.0608741016208445,15.0,1.0304104690500016,1.1150123612165581,2.9980514074493794,0.003970023116583146
2.1163019870189075,0.3589267535983234,0.014932606357153452,0.14963382053606541,1.0606714838941533,14.0,1.0305904236554964,1.1501945280021901,2.8181355246465487,0.0028453363781774468
2.1334685879069606,0.40094107764117837,0.016118317811129095,0.14869560674198437,1.0600625153731853,13.0,1.030783096893649,1.184697155584413,2.815627664433869,0.003577183810758531
2.1505417897480097,0.39424346164335616,0.01467957996933477,0.14747050826025684,1.0608759796767753,14.0,1.0310298223659837,1.1618117655147737,2.816823615485772,0.003703252362151692
2.1675219368064105,0.42164288017732005,0.015981498589842203,0.14573282472789958,1.0607384128554118,12.0,1.0313759404238276,1.2471223956151103,2.8154228247838327,0.0031991013705939156
2.1844094386983834,0.500321694803487,0.020275837456138587,0.14494008657352042,1.061915879229432,13.0,1.0317049112802128,1.2244872776433293,2.3202308451342923,0.003496506313466491
2.201204765306114,0.6565495894977926,0.018017836169980404,0.14364156406068748,1.060944036982358,15.0,1.0321143670442277,2.0836889636471057,2.9973539415614,0.005121702791065888
2.2179084339102637,0.6502353013975997,0.018949968599590247,0.1420507039055307,1.060618950210941,14.0,1.032644220322665,1.9471188643297725,2.882276172550845,0.0047180992160902515
2.2345210100099795,0.4894284755315466,0.0163819717474297,0.14053316675899558,1.060383198787244,14.0,1.0332453281505662,1.5736896421573494,2.860231486730469,0.004483447667850881
2.2510430992861563,0.47308936452514133,0.015627713678512418,0.1390013071856773,1.0609845626600167,15.0,1.0340006714150995,1.461949122587582,2.996765700957954,0.0038355747743836527
2.267475343613624,0.5331372980464805,0.019300171559958074,0.1378600096888164,1.0597435009672171,14.0,1.0345751306071898,1.303860678817606,2.330634904879092,0.0035689506983270897
2.2838184159891077,0.5011683473118277,0.01666754160903215,0.13706012930852224,1.061097029001482,14.0,1.0352476680438008,1.5663911131310986,2.996832652065881,0.004067495620377595
2.3000730180022937,0.5329157755942864,0.016859026797709183,0.13612605621757606,1.0613210726125002,15.0,1.0360348106468722,1.6251215494543096,2.9978280760538905,0.003880195322767368
2.3162398745848396,0.5219847752196802,0.018599691925876346,0.1353482766559082,1.061743188452333,14.0,1.0367075392839968,1.4924495289765707,2.785076541794758,0.004627964389594348
2.3323197325301765,0.541436222240991,0.018093398538866278,0.13436558454706132,1.0617303375129785,13.0,1.0375137638023837,1.7002890286834775,2.839587260820217,0.004002055956808238
2.348313355464835,0.5706010330172009,0.01843699868665669,0.1333779487953808,1.0618268701701157,15.0,1.0382100242451024,1.8396393482953577,2.9966749216420143,0.005605901322284961
2.3642215224878185,0.5337730527195638,0.01683620926045579,0.13227239505538185,1.0619235421059623,15.0,1.0388081448129485,1.662151756792666,2.8404250445218637,0.004087897897159875
2.3800450290042994,0.5570145716491415,0.018216566531670864,0.1309273211434663,1.062190830701602,16.0,1.0393917421261927,1.7058886849225814,2.9983058497084003,0.00438581276115641
2.395784677348306,0.606393852323595,0.018368399362314696,0.12942012880013462,1.0620399942194885,15.0,1.0398867017716775,1.9270922875140688,2.996902287042339,0.0055310088059157625
2.411441280834754,0.5660617585829665,0.022606878976822283,0.1281672969066847,1.0625639835262495,15.0,1.0401958531603914,1.4148204394980972,2.3410690274731536,0.0053925072757398055
2.4270156551776076,0.5492309067659643,0.017673029947822883,0.1267513227238491,1.0628060907175783,16.0,1.040412490871076,1.6753539272237044,3.0002435453648215,0.004547976542847842
2.4425086228175013,0.5894974081096521,0.018189251535862493,0.12489337481255468,1.0627828197755405,16.0,1.0405577322414474,1.9573593838793062,3.000233114720065,0.005129705592110497
2.457921006980187,0.6078070343051392,0.021396995238874648,0.12329921917677951,1.063599546525748,13.0,1.040556990925321,1.880661916555715,2.8241479039535275,0.0047517233681069445
2.4732536346195357,0.6370772904355881,0.01834544534244304,0.12123420026851713,1.062957767908264,15.0,1.0404243898906442,1.8436321498096278,2.9962807896224755,0.005054079300498865
2.4885073408395906,0.6319545095226783,0.02125117229755628,0.1193449338086712,1.0625538669161136,15.0,1.0402028964715142,2.0208620794213554,2.997249471301762,0.004428882732081898
2.503682951727686,0.6319247637922589,0.0269100982564852,0.1170226858780162,1.0615627819661584,13.0,1.039817499166762,1.2652419363808105,2.174505189140373,0.0047741793767375725
2.5187812903076483,0.6506992220677124,0.02359720362340097,0.11546927987496769,1.0625242245085682,12.0,1.0394706252479704,1.3711809606405674,1.9645397685577366,0.004107983011314334
2.5338031746699166,0.6193887118467089,0.02295855845839864,0.11378922427463212,1.062150510475223,11.0,1.039093608593672,1.4732753785913117,2.173570052431156,0.0037570723303139673
2.548749434851414,0.6581817189108458,0.02083665612736811,0.11299554842440085,1.0640628108913865,15.0,1.0388341537138448,1.6819497646396526,2.356890977224412,0.004146633999801651
2.563620884124459,0.6240758083890815,0.01974559295291705,0.11178505689999765,1.0630999688169012,16.0,1.038522160293742,1.957331827384265,2.999401228609873,0.005187002551978966
2.5784183292899194,0.659724529238412,0.019087283593099105,0.11072641855984264,1.0631887784130567,15.0,1.0381777973103987,2.105593220467784,2.8569586489845986,0.004364469237238446
2.593142576432527,0.6370297271110057,0.01940181553330131,0.10999182424274509,1.0631069298548246,15.0,1.0379097863546058,1.9515779106042452,2.860824662044396,0.0046260703935372075
2.607794431730421,0.6606190476580991,0.019524795720685613,0.10960011290391712,1.0631610499999322,16.0,1.0377122144718673,2.0830538697848135,2.9992528426158915,0.004039754473176007
2.6223746810284503,0.7064394530693656,0.02275982185326729,0.10940189640588954,1.0620919622765417,15.0,1.0376264983710157,1.8488666308444481,2.356317509446519,0.0046384501546303004
2.6368841105021588,0.7261627184253817,0.019583509910621594,0.10960493058122595,1.0631552870060823,14.0,1.0376372269428171,2.2577005324006905,2.9975894157016394,0.00463771836956031
2.651323507129081,0.7337604516795463,0.024193421754255727,0.10975145470592074,1.0632327294048785,14.0,1.0377516226676362,1.7083829833046165,2.147630391201143,0.0040471075831105124
2.665693633540448,0.7714167880160139,0.021657465845897853,0.10982215196502157,1.0628682375382241,15.0,1.0381116595719029,2.5173603532467994,2.853975671969307,0.005491855031028967
2.6799952584955955,0.7886066130134051,0.022027888951145175,0.10977745098713072,1.0633588486777052,14.0,1.0385915497497717,2.4253458530520144,2.997011000856487,0.004984182797772217
2.6942291379240904,0.7740482587858438,0.021472965260141617,0.109381855970989,1.063350111226955,15.0,1.0393211169551315,2.4819990834893235,2.9961572845265576,0.0050512915362170546
2.7083960109643352,0.784239554894559,0.02287614769653455,0.1087607187240015,1.0632765617467836,15.0,1.0401564177143654,2.3251586485791695,2.816869850849456,0.006563795455302333
2.722496629522857,0.8459112864267592,0.022864594055446535,0.10789207388355067,1.062930068030249,15.0,1.041217339945271,2.701480497149175,2.9967032898172685,0.005409829785842346
2.736531711535136,0.842518642808796,0.02355135187675858,0.10711948271115415,1.0635440166426493,16.0,1.0422785905369047,2.6010405665451573,2.999122071735428,0.0076750229838950515
2.7505019904400734,0.8143796887324174,0.025154653304863907,0.10640395845746063,1.063467835147966,15.0,1.04327384940242,2.0429824183320515,2.3545133281335016,0.004339011885640401
2.7644081702232524,0.8222925580450029,0.023313453550312516,0.10576476444050198,1.0633759160841205,16.0,1.0443391704830949,2.7668342900789904,3.0002807223187937,0.012995476660544089
2.7782509597600167,0.8624898532862633,0.023450737479170432,0.10507744317965767,1.0634568673819813,15.0,1.0456058488523547,2.730168759133218,2.9980545016906164,0.0059114755738864
2.7920310509214152,0.8555537462474465,0.02431372891600603,0.10447769425799738,1.0637505178369349,15.0,1.0468581521074765,2.719363001476555,2.8354333007525367,0.008074627119587282
2.805749132496325,0.8563747033945165,0.02527191301132751,0.10387837528197433,1.063585656443454,15.0,1.048049135272396,2.657766568032078,2.994452568757598,0.0073805842731366755
2.819405880470551,0.8205701832158802,0.022859500508311377,0.10329075299477848,1.0640016109720505,15.0,1.0493061835091617,2.6733855302780047,2.997068185557359,0.008194045612713842
2.833001963884593,0.8936024173518384,0.024554531712243685,0.10261087588744641,1.0640705933286008,15.0,1.0504399071222301,2.619563394780307,2.765730300010687,0.005868298679865508
2.846538039269264,0.8388293232715679,0.023407556714364466,0.10180126741670824,1.0641587700204613,16.0,1.0514795419303686,2.602746377634314,2.998150456646256,0.007296595544393055
2.860014761815952,0.8481634609980075,0.02619279242137835,0.10088820938724494,1.0632842368471946,15.0,1.0523816758089524,2.7366428848917908,2.99524743111563,0.007603348176811439
2.8734327662119497,0.8684537723362251,0.02818388279624696,0.10030525360143318,1.0651038457130464,15.0,1.0530785100115487,2.334142308923076,2.380473490150503,0.007392338031865159
2.8867926948960276,0.9394446847464167,0.02550544279077649,0.09947939995149783,1.0642560244859347,16.0,1.0536049930940834,2.935478083291545,3.0001499512263967,0.00786717586148197
2.900095159785734,0.9513654272793144,0.026002640192217475,0.09871906023951062,1.0640737887986003,14.0,1.0540477371927415,2.5506746791629666,2.6310653687805403,0.006958447538655044
2.9133407892191947,0.9339420144073721,0.02697763893536259,0.09821845227072662,1.0644502729955714,15.0,1.0543327542527268,3.406167702704484,2.8629321066919027,0.008412520183445103
2.9265301811418674,0.9790182916789997,0.025775973165498692,0.09790280121736811,1.0644725359797904,16.0,1.0544534919657051,3.0930418849258525,2.9983086787860165,0.007694613821119514
2.9396639352725615,1.0541871134696765,0.031203335490508743,0.0976681590402956,1.063846698160084,15.0,1.0544466238185746,2.677114401441512,2.3807608650872405,0.007198754417935145
2.952742644822895,1.3104125162748674,0.030594086796489398,0.0976430621003897,1.0648312002297537,14.0,1.0543382704269646,4.169007141472916,2.9977320787756114,0.00918438691393617
2.9657668825608123,2.3934085833319236,0.03997051328059556,0.09748969902129435,1.064371568975647,15.0,1.0541251048345541,7.120320287757911,2.7994943115636373,0.01531378306218458
2.9787372316333065,4.532509976741116,0.08076513461188381,0.09734102636319211,1.0643596396347343,12.0,1.0538423740913812,6.45662259870771,1.1651962173985109,0.01306860031548652
2.991654251701132,4.770557885408578,0.08414672428541449,0.09711121564376947,1.064591852662543,13.0,1.0534702636310411,7.010815954065449,1.1766781840097729,0.01516170204447034
3.004518493532705,2.343841822974185,0.0394448302239219,0.09678543872989409,1.0645156008353769,14.0,1.0530435242336378,7.242675801627584,2.7939726120512693,0.013567071198117163
3.017330517982807,1.3476631630416822,0.03173639351946231,0.09645988235160977,1.0648700278975254,14.0,1.052582106145846,3.904280583337277,2.529887359514697,0.009391516427185163
3.0300908585338138,1.1579470662696967,0.03038457766104792,0.09615088449292987,1.0644973461728187,14.0,1.0521076586833102,3.3822653168999195,2.738030777798003,0.00795813264507521
3.0428000421342927,1.041124784961439,0.026516758426999774,0.09581190639849842,1.0648829892608964,16.0,1.0516023005752926,3.309269471962124,2.9984916561341755,0.008655734883740595
3.0554586059953643,1.0699299613379405,0.031715614490811714,0.09541697792549321,1.0645016254306867,15.0,1.0511969766268867,2.7381810162044022,2.3952727229914528,0.007281960874783268
3.0680670618450723,1.060406406322269,0.02865711213317504,0.09516820221104255,1.064656946040631,16.0,1.0508293738459995,3.4001769688746175,2.9997484128207774,0.008589187167525318
3.0806259152065363,0.9916597519397712,0.026406873378541838,0.09499858483791618,1.0646572010291544,16.0,1.0504326823959336,3.156268515320544,2.9997412091601485,0.010689067113542694
3.093135675007638,1.014119705167447,0.02753824961161115,0.0949245288099087,1.0647015551375854,15.0,1.0501042693316962,3.027700333965837,2.8347776918917913,0.009676738373116101
3.1055968365654634,1.028204131576204,0.027015766935188243,0.09495956010752091,1.0646161988364868,15.0,1.0498476784888027,3.2885751008436355,2.9890212955643323,0.007702711011619149
3.118009883201358,1.0566143277529705,0.028418269372082892,0.09508622506391638,1.0646314355252493,15.0,1.049675204471727,3.338925460638314,2.9956463125347708,0.010547647371189323
3.13037529212252,1.0805497763856764,0.029972296784950926,0.09519176065581876,1.0644132630707246,15.0,1.0495867166127941,3.198634390661475,2.7347889393075944,0.009438486454542991
3.142693548665865,1.0918830820065641,0.029475889802794215,0.0954675337766106,1.0646702041039768,16.0,1.0495833608505447,3.459007508181852,2.998443414255292,0.011343319261564984
3.154965115342098,1.0504901446956338,0.028750373134621768,0.09577167539467117,1.0647651228280284,15.0,1.049674104775062,3.351779044943056,2.9924886463649236,0.008344464661838972
3.1671904499914554,1.070073852388209,0.031233869009698358,0.09608313182370103,1.0656661626542727,15.0,1.0498346685128368,2.6037109919719414,2.4169916916939442,0.008776300765483878
3.1793700032390566,1.1186141797005884,0.028515588504759364,0.09618038751350452,1.0647155076946224,16.0,1.0500670941837864,3.7231213504875296,2.9996263181856864,0.010135880038853176
3.1915042278142876,1.0917923489120454,0.031026436624715516,0.09630190072133778,1.0643768852470463,16.0,1.0504159350246232,3.193179542305281,2.801556881595552,0.010648935457037796
3.203593566604194,1.1900202064249126,0.03255519660484101,0.09638276908211418,1.0645203373986003,16.0,1.0508917511050768,3.493482724799209,2.863854816595377,0.01099993040880657
3.2156384500369875,1.1475661429520605,0.03489456633139095,0.0963077437107551,1.0633882804234318,15.0,1.0513607200697133,2.9062186433991433,2.4062454230722445,0.008186624052277146
3.22763930434159,1.1552153302393826,0.03176254652869514,0.09639258327706557,1.0644026801872526,15.0,1.05197454634463,3.568036436893834,2.9965466526366056,0.01025835060156531
3.239596549308382,1.1055933482094817,0.03297353234925566,0.09642468984928639,1.064572134548475,17.0,1.0528435838269534,3.459367332205075,2.9995571644630883,0.012084151352135085
3.251510606573627,1.0979702316088806,0.02991219221980408,0.09642779077373963,1.0639073032132285,16.0,1.0537521315257175,3.1935931997040687,2.8065828094905085,0.011483554579516256
3.2633818867882223,1.1125424956527816,0.030311553412653586,0.0965965187013849,1.064156720638916,16.0,1.0548208951948552,3.3654329847653117,2.9896723249801926,0.008977284444036778
3.2752107919167264,1.1789622226616212,0.030279439192557663,0.09689354583810914,1.0643306489591013,17.0,1.0559918275749638,3.6097972323160272,2.9997173299867335,0.00945291941891309
3.2869977197672684,1.084371459358809,0.031192144724597793,0.0973851824503369,1.0649832818254534,16.0,1.0573354932630004,3.4265375907986106,2.9932195834057986,0.013272483912923787
3.2987430616545987,1.1526139680963736,0.03229462164934936,0.09771808303770793,1.0645639441102166,16.0,1.058709106116691,3.406894390617843,2.7557855479709317,0.010253715861391611
3.310447203209697,1.2146466815469583,0.03331228844426459,0.09794767643489603,1.064517373056167,17.0,1.0602540378242513,3.6974896914304334,2.9984319934318275,0.01327955605603453
3.3221105255911385,1.244802676121168,0.03234006878087841,0.09807429591780843,1.0636938612911,17.0,1.0618884616832667,3.9573362671170784,2.9984272582018523,0.013904857196285245
3.3337334117203885,1.2196992395767734,0.038133682833716834,0.09817040780468024,1.0643292801509572,16.0,1.0632183090344083,3.046112743791244,2.4220951692453303,0.011974539555625874
3.3453162302688932,1.191613563668679,0.03200263030297881,0.09821300787009139,1.0641542958269135,17.0,1.0645657110403446,3.815336003639019,2.9996020192536577,0.01281384063037903
3.3568593467138457,1.2501110649510563,0.03254978560838154,0.0983500960720076,1.0642564131529875,16.0,1.0661454732621107,3.5480491656626807,2.8404406988841737,0.012230929380309083
3.3683631216578553,1.2812596598127954,0.034532839500327664,0.09853846327284524,1.0642721468340168,16.0,1.0676276228688084,3.9727889718781264,2.983161122666237,0.014359732872860331
3.3798279101381015,1.2279712138289816,0.03778689064638985,0.09866017871933135,1.0632860479324575,16.0,1.0689789257035118,3.138483216582996,2.420855759755597,0.01086747169403816
3.3912540621769245,1.1778749371442754,0.031485295880798465,0.09916984974804023,1.0645119666033958,15.0,1.0702848655327621,3.76320336325918,2.9947225806676965,0.010399679119430348
3.4026419233783582,1.257137048557273,0.035105508137015046,0.09965939295781304,1.064209966942492,16.0,1.0714223401887542,3.6008952451463245,2.708484459594851,0.01616037585007292
3.4139918350865566,1.2331489864123324,0.03609512961182771,0.10002780859977914,1.0638069698814105,17.0,1.0722075692965543,3.837804046330561,2.998373482571852,0.014164159713874828
3.42530413262564,1.1479996395808527,0.035117384667000026,0.10054995526844099,1.0638850798292372,16.0,1.0729870316738896,3.519305799891207,2.98853532160638,0.013735631464879883
3.43657914896227,1.2289922857137237,0.03938670009279118,0.10106258624016067,1.0644413446227952,16.0,1.0734319591217967,3.207387890736954,2.4455225037992694,0.014009763378923457
3.4478172106928655,1.2919353030087348,0.037080673428253066,0.1014923647687162,1.0641362776515815,16.0,1.0736478427280685,3.804824288383081,2.7755223840435783,0.012817597892438812
3.459018641120208,1.2888767079725492,0.03291723152282029,0.10189032401478505,1.0636667752720004,16.0,1.0736127826110713,3.8332679621966457,2.867987113029652,0.01084469941909182
3.470183758829473,1.2922720006454684,0.03583312682307795,0.10230494695586738,1.0633231121440496,17.0,1.073308374637682,3.9652664601473275,2.9984143328785544,0.013612441503761352
3.4813128789037235,1.3015294618773092,0.0411480406857052,0.10262067834696256,1.0627961331357865,16.0,1.0727722590471227,3.228243862852817,2.4289007415604345,0.011922136314686034
3.4924063109532404,1.2751811011006373,0.03958526267927129,0.10300512182039882,1.0631608576767269,15.0,1.0719791980347142,3.7917001682949554,2.9957743266494585,0.013544481674831872
3.503464361424337,1.3323987492035547,0.03807734659028323,0.10341657838053167,1.064026341024138,17.0,1.0709697813460364,4.172614912975288,2.999398392256407,0.017145462043344783
3.5144873309160376,1.171135292471735,0.032814550847997795,0.10366767443405842,1.0634876464743301,16.0,1.0699139442451358,3.7933498101181042,2.8157503865604037,0.011239539067832252
3.525475517721638,1.329524408817591,0.034354674498289696,0.10410946478193206,1.0641080445192699,16.0,1.0686816690661651,4.1703963945288836,2.9839152446382697,0.02114800572141156
3.5364292148503687,1.3183890587330063,0.03522250091825191,0.10455926955134268,1.0635261701465726,16.0,1.0671978906231083,4.092537078995428,2.992284204457383,0.01607293111682732
3.547348712091234,1.3064305550781605,0.03572171221117501,0.10509095742913323,1.063222685584378,16.0,1.065830080538628,3.8060509676482686,2.73044105080848,0.014076389925939134
3.558234295366359,1.244013062310829,0.03674450396826575,0.10579618193277075,1.0631129750603836,17.0,1.0644134845583642,4.410160062311287,2.998276594267469,0.017684664609502625
3.5690862472308975,1.3579752243268068,0.03986806997899569,0.10678706389558493,1.063089257296278,17.0,1.062918617528844,4.09583911795034,2.9982676779365747,0.01891158393360888
3.5799048453398,1.3509653935827466,0.04245774622238881,0.10778516661688764,1.0628171711790675,16.0,1.0617101231246806,3.446848939984106,2.4465952978192096,0.015290698575443124
3.5906903655239932,1.3101653209852646,0.037245381715965586,0.10895778076611319,1.0633518356497662,17.0,1.0605697852773275,4.09477217367787,2.999423809513332,0.015057089679816267
3.6014430803543043,1.3192911827773655,0.03568897215781398,0.11030550725917866,1.0635295756497434,17.0,1.059286186295043,4.112988649385725,2.9994121315046165,0.014945343334146183
3.612163257010827,1.3774787696357,0.03542331702638892,0.11151482018175085,1.0635671395948885,15.0,1.0581025853406627,4.203561683372866,2.8473495845873216,0.01774395248426852
3.6228511602368374,1.4131357334077377,0.03812529726565028,0.11239764038140626,1.0633459256190254,14.0,1.0571227700071997,4.265055518152657,2.9612684484313494,0.017927793846356566
3.6335070514080567,1.3228324411790369,0.03878854404876985,0.11291963382629981,1.0634618457665315,15.0,1.0562436161330322,4.08951982718281,2.9938398064473537,0.015242618075881318
3.644131186793082,1.2763775115109852,0.039919308344364,0.11287507921568239,1.0624241240295627,15.0,1.0556551510341807,3.328825328119154,2.444320311730072,0.016175481778957945
3.6547238211277495,1.3509636375281595,0.03953655059660254,0.11283328910302369,1.063503807297939,16.0,1.0551499104740527,3.8728495645749677,2.6838383954142397,0.014957171369356446
3.6652852060189143,1.2987190905295753,0.03641320645291913,0.11262361163362629,1.0632749521375893,16.0,1.054778015810587,4.054218633816892,2.9832794695959963,0.01756845056577835
3.6758155884002424,1.340478604744914,0.04141206812263557,0.11278141578262701,1.0640749853872196,16.0,1.0545253679016164,3.4856620802501257,2.4717826076454026,0.014112222879858893
3.686315213189902,1.3091919515522967,0.03803394839670934,0.11312276516207148,1.0633946216614636,17.0,1.0543498003501905,4.007494034360276,2.9991210714808267,0.018217471606893753
3.6967843216100733,1.2803200702072264,0.03888266494773385,0.11417691473884857,1.0632944530718271,16.0,1.054220560384678,3.7497226900315477,2.748827219409713,0.01674823461503933
3.7072231519909984,1.3748278346369367,0.03729858314509636,0.1155869529502207,1.0633964901408186,16.0,1.054152047867975,4.098163795826523,2.873153482623065,0.02267051794093608
3.7176319402234688,1.342767555635598,0.045543332416924556,0.11686963671378356,1.0618253353126974,13.0,1.0541231620946545,3.35386790096654,2.4185133053398724,0.013098265607114093
3.7280109178605763,1.3464922593870545,0.03766993480459083,0.11872800116718389,1.0631272418181728,11.0,1.0541117063999055,3.9184057156749574,2.9391471512963507,0.011047781888921046
3.7383603180441494,1.4327071097063364,0.04241278902256304,0.1209553611302606,1.0633039873469592,11.0,1.0541066523246359,3.5195646254657387,2.4970127638598796,0.013354945743431105
3.7486803692771367,1.4665778322978118,0.039899974023355676,0.12274738218253903,1.0629211879740499,10.0,1.0540929377421526,3.874652505940798,2.6280855322617063,0.013929785533931427
3.7589712944633358,1.4328657709540007,0.039440624965568924,0.12416675929652396,1.0629849255009216,13.0,1.054053509597049,4.145163386213352,2.8487278912063814,0.017061977669139042
3.7692333145635164,1.3939780274315894,0.03902928827179659,0.12542709628014123,1.0627314254452431,17.0,1.0539619151160033,4.303633482251811,2.9991902040708642,0.01919735183262923
3.779466648037233,1.3801078190060243,0.03979758757439119,0.12651654432465123,1.062453844886984,16.0,1.0538103502544134,4.231530911316438,2.9913562502915587,0.02061193885513595
3.7896715108007104,1.3824555167000558,0.03952133855088219,0.12748166163663943,1.0625941376057282,16.0,1.0535937720931587,4.0749301734706895,2.7050812181300117,0.018048123796563252
3.799848115044753,1.3811009852763552,0.03960575645307925,0.12843179717203512,1.0625222094985691,16.0,1.0532953790619988,4.0435574583025184,2.979559103288788,0.018296664866180562
3.8099966717361307,1.278824311551493,0.046184575212471116,0.12935874837519443,1.0627456363316343,16.0,1.0529674151144883,3.3546538402596444,2.47062614494715,0.018244826070979277
3.8201173944114766,1.422991706359917,0.03987576881601312,0.13028909082193335,1.0627361293318622,17.0,1.0525950839249134,4.2647556925184364,2.9991214752066573,0.019260999713806102
3.8302104872469056,1.392659701097075,0.03959511310902377,0.13138695815403054,1.0622982448344358,17.0,1.0521106370816218,4.241320021376091,2.9991036381799665,0.017296697566279065
3.8402761536484293,1.5319371029746753,0.0430431058890241,0.1326076715165434,1.0623777759300808,16.0,1.0516095002604704,5.002143327160561,2.854698593764518,0.021689731098194755
3.8503145929230524,1.621073975403417,0.04455562093000082,0.1338840739288543,1.062002561059815,15.0,1.0510577176221403,6.136383377624394,2.844544799189199,0.02630051230398409
3.8603260028610866,1.3139641459503906,0.040480412640829286,0.13531093237040123,1.0622816707223122,17.0,1.0505131237691894,4.594693209703086,2.9989438147882397,0.02164629908444977
3.870310580415696,1.3583462267129123,0.0401702645273844,0.13680502432190828,1.0624101893883453,15.0,1.0499396972219983,4.2646825064522345,2.9928675590957807,0.0223020369130855
3.8802685234654226,1.3337827317067814,0.04937851229208491,0.13845857232963488,1.0637217928482645,15.0,1.0494261714393243,3.1422740521626173,2.159127150398108,0.02112412858735231
3.890200022911363,1.2951258153901595,0.03826449682791057,0.13999859220508099,1.062139100644852,16.0,1.0488698349775554,3.9122025094957817,2.9764363809068173,0.02329244286820035
3.9001052675865227,1.4534888586039685,0.04411437432810472,0.14189321268539273,1.062775010917225,17.0,1.0483520746378276,4.250302522759187,2.9975083895010832,0.02535640102715429
3.909984443209113,1.4443271598684222,0.05080728847157589,0.14371720519327233,1.0628069114389072,16.0,1.0479156527538938,3.545821968048211,2.498230332051839,0.017705064558676945
3.919837733300868,1.5925955100531055,0.04243831667472643,0.14544178699328575,1.061630509717854,16.0,1.0475496021820265,4.318057857453495,2.7242145920380154,0.02586568178549644
3.9296653272534883,1.4752843884301854,0.04403218389263933,0.14795160596513815,1.0621834910282901,16.0,1.0471394256862412,4.665540766943109,2.8788083678828813,0.02264884876770918
3.9394674047605855,1.4646577408158832,0.046091946102452507,0.1503059771998255,1.0619919237434974,17.0,1.0468037776744086,4.262446599120517,2.9977965258502626,0.025198579829061804
3.9492441426692237,1.5695497764978614,0.051928701825161745,0.1523106931560291,1.0609675728408603,16.0,1.0465649853205956,3.8651929318105145,2.472800938155488,0.02599974503174204
3.958995716518939,1.5208056084107833,0.05012226332077987,0.15460541646748044,1.0624027839803314,14.0,1.0463824929555792,3.7690297706058877,2.499529193042456,0.02430651675182062
3.9687223033867816,1.6139592615723808,0.047440326251534735,0.15643073737804716,1.0613860068922278,16.0,1.0462469090384094,4.644541968318487,2.834504102540688,0.023783438870543818
3.9784240779375817,1.5164277867261662,0.04366137498876259,0.1581948924128236,1.061273216753517,16.0,1.0461698676376712,4.339285025023579,2.9676184983703306,0.022135229275976824
3.9881012106079856,1.5404282072320998,0.04701759442460881,0.1597260938001231,1.061648055464618,17.0,1.046155980594251,4.709610680940163,2.9987112189244938,0.02955292450465904
3.9977538681045157,1.5153433638819789,0.04431181854766352,0.16116803627187,1.0612932873894563,14.0,1.0462030460262168,4.502979609154455,2.95793280211388,0.03012233098983288
4.007382216853585,1.4525415943834412,0.04921448545688488,0.16239568177402208,1.061583563641773,14.0,1.0462831173298128,4.037469678418263,2.648814246117563,0.020758463013532322
4.016986427079136,1.4735486198798944,0.04580548426611559,0.16399073658037028,1.0610603911923597,14.0,1.046448251663987,4.406304380151834,2.9588780646074113,0.026752266884602905
4.026566661589679,1.5007031039893741,0.04513204635130349,0.1657181769074138,1.061160901875358,17.0,1.0466475995657336,4.624398584196493,2.997203027287992,0.029103998781919074
4.036123078404137,1.3829284912938793,0.05955695473269657,0.1672393762174984,1.059621956312624,15.0,1.0468676255857532,3.3800912691791116,2.2109338449125353,0.030454953376132222
4.045655837951796,1.4785134739943369,0.05520648955077209,0.1691454918534348,1.0595048693492881,14.0,1.0471342519054048,3.198917631225357,2.170775884483433,0.022152806148981245
4.0551651036555185,1.5912452042654923,0.06208536176136759,0.17121218633125967,1.0596660598472452,15.0,1.0474325964057463,4.2538746452834335,2.570892531809685,0.033257848261209505
4.064651028624787,1.4769536429132808,0.04570811846786899,0.17379700593376715,1.0608196445116405,17.0,1.0478151958033362,4.44297090673199,2.998888893910868,0.029990919976665253
4.074113765910358,1.5787794759202802,0.04776541542398797,0.17623781838622593,1.060431775113832,16.0,1.0482505156430555,4.593326454620484,2.950867357967713,0.027467779768309396
4.083553470117378,1.6066312867707058,0.055950885051097875,0.17831583381739816,1.0591021297542031,15.0,1.048695575732364,4.782123762353349,2.9903780668350057,0.03125541634725427
4.092970296097852,1.512861452743139,0.053021366366164474,0.18065833202874843,1.060815008223856,16.0,1.0491268654733956,4.214852755909731,2.6427092385928734,0.028562377250811653
4.102364389721523,1.5994329885664855,0.05242455062076422,0.1826079710681887,1.0597489340234811,16.0,1.0496057370655316,4.321975007313333,2.7019898331638594,0.028775886508997747
4.111735897736733,1.5720065518462516,0.0457726196314835,0.1848690163502843,1.05979197923248,16.0,1.0501326895921566,4.712979155221873,2.9637818668738327,0.026381709043376417
4.12108497303308,1.5356388833885775,0.054780219726080215,0.1868536276175246,1.0603182637363462,16.0,1.050583350614422,3.5813341449423937,2.5302848487492904,0.02009772676087643
4.130411757244677,1.6060780497484421,0.05457825580892464,0.1884815093129312,1.0594278182806673,16.0,1.0510199242525022,4.15101028506425,2.6996918776285312,0.02882611314383236
4.139716392055213,1.4835508093921408,0.05597913549466786,0.19047339853937184,1.0595134904716204,16.0,1.0514896353314866,4.833147561260466,2.87869286839984,0.030361032725360046
4.148999022922519,1.5170465666269637,0.051811696388185335,0.1922905704219632,1.058711699197551,16.0,1.051909956457564,4.595015835701363,2.952085476349678,0.0364755290622835
4.158259790984026,1.6210329983047322,0.056791871608434075,0.19453374858445946,1.058152137525886,15.0,1.0523566083997749,4.02219277198791,2.461119818168955,0.031757487733800376
4.1674988316964,1.6715527706934286,0.048237916321479654,0.1970266169021938,1.0584729786973701,15.0,1.0527248370883242,4.931755266172196,2.9910343908648156,0.026694163064616153
4.176716285478991,1.5376088859005161,0.05926797234442624,0.1997819040643165,1.0591452625353028,16.0,1.0530308011712428,4.356118230773828,2.837193227478992,0.03384544510608387
4.185912289762111,1.6581124450492493,0.04829369311302992,0.2029210014756911,1.058527906255906,17.0,1.0533043035266192,4.895229929305147,2.9979653357907443,0.02779329131784611
4.195086975677259,1.706233048344456,0.048979488292420235,0.20647193372644962,1.0582132351591196,15.0,1.0534957268018694,4.5749331027327065,2.889978185299885,0.03102466621568035
4.204240479440824,1.5867538795765188,0.05095789151220156,0.2103362646851025,1.0580867425003488,16.0,1.0535976710705572,4.507194531069242,2.9861243102356276,0.0361807579714903
4.213372933499892,1.6971221344677148,0.0593250194398833,0.21375318109740235,1.0579548421015355,16.0,1.0535968034632517,4.431487079225827,2.6619313410323118,0.03946932691648946
4.222484466689331,1.7482765079632059,0.0533782960861053,0.21717488941384613,1.0579771666964723,17.0,1.0535010281386998,5.1980258560866055,2.9958652945579525,0.03753964844776966
4.231575209108831,1.5930996625951983,0.05404520580614274,0.2206357251538726,1.057975826667762,17.0,1.053269802787005,5.001462366484925,2.9957702682002867,0.04493630857480687
4.240645290949382,1.6442231876725792,0.06023510207876609,0.22341813138836303,1.0579258419805808,16.0,1.0529704034188863,4.339807855784588,2.5339477719684935,0.04017835181038372
4.249694834501977,1.5866770127024692,0.050143261753005854,0.22591075322629878,1.0574872735875904,17.0,1.0525600194488167,4.6794629601859565,2.9972351058507107,0.04063587085541471
4.258723969894642,1.6247534692528514,0.05676238572915644,0.22843467208018836,1.0569206700303306,16.0,1.052013292604753,4.7766687414916795,2.859401493531268,0.04160729547794255
4.267732820577568,1.5955230839837475,0.05553426008497009,0.23096748302638115,1.0574556870984348,17.0,1.0514166073066538,4.640402077065363,2.9970964151038615,0.043521079445070825
4.276721506179046,1.5795186625748125,0.05131830497535597,0.2332773621891606,1.0569181290640928,14.0,1.0507221063389574,4.251317646051866,2.920189785157717,0.02669430045186221
4.285690153784143,1.5829349860840178,0.051971862522445456,0.23561281250792235,1.0569905034945966,15.0,1.0499722100112572,4.720453087242781,2.985269687252147,0.03653951404382923
4.294638881810775,1.6231839324277995,0.05671087959283224,0.2378211693655799,1.0571794649388244,16.0,1.0492390737453008,4.194384755573304,2.6293466111850656,0.03116844103337642
4.3035678068934775,1.6370825889750351,0.05434831672396221,0.24002438444321952,1.0568155616080988,17.0,1.0485230255231548,4.96903609214964,2.9950402350288425,0.03826760530038204
4.312477052651228,1.6177465211145516,0.057613081988891694,0.24270916570624362,1.056589971731717,16.0,1.0477400309690694,4.939205535208043,2.9456420498783626,0.03672686662288885
4.321366731802142,1.6481787115793332,0.05599846517894651,0.24522216959078927,1.0568006081075347,16.0,1.0470735984891448,4.246856987126933,2.563095006990436,0.03386326436082988
4.330236962314281,1.7715434044430123,0.05806652201348584,0.24752884952840126,1.0558730996302643,16.0,1.0464658760591776,5.048225132813063,2.678629536626803,0.03649275306045355
4.339087859279062,1.7528877289698597,0.056401150496981634,0.2505567618672919,1.056090752889531,17.0,1.0458129768389437,5.264174621345421,2.9944846885412635,0.05171940630782701
4.347919533663539,1.797393023111145,0.05478559867090996,0.25366420836818243,1.0557716004227014,16.0,1.0452119985921422,4.990727110427272,2.876398462934952,0.031065062081839765
4.356732102387456,1.7064597067727292,0.06698948690163874,0.25611722727741,1.0549110572737124,16.0,1.0447848767278236,4.435390583871366,2.5386747251131156,0.03455846358690109
4.365525674426906,1.7944142353940589,0.058359999245359735,0.259728941396241,1.055730883394482,14.0,1.0443486319350805,5.078940146496211,2.972361807134586,0.03672480149078429
4.374300359307887,1.6752931079681925,0.06005310104485658,0.2632628856388467,1.0555173723388542,15.0,1.0440039661356584,4.753973182085795,2.825851529476724,0.05014017496429315
4.383056269664768,1.6776247967633398,0.05852146601492625,0.2666672408118231,1.0553951231180256,15.0,1.043789244369351,4.5667300148746035,2.8258095733376956,0.04278669257170059
4.391793507795993,1.6859558414013474,0.057164590462580475,0.27012496705674793,1.0551686810953247,16.0,1.0436698956924406,4.75913809937315,2.9274088102958165,0.044198198901386335
4.400512189278722,1.6714786005485565,0.058857221522950864,0.27361021388398077,1.05508263340016,16.0,1.0436359251060365,5.179270169757145,2.980909076710392,0.04798663405755996
4.40921241452012,1.54712327182998,0.06138928336912282,0.2769381380931699,1.0549453381039182,16.0,1.0436677238495948,4.397686176837512,2.646571343061555,0.05052180413494595
4.417894291464515,1.6377771542778232,0.05797564352530278,0.2804392848276914,1.054660787023151,16.0,1.043748923089694,4.447730176177294,2.9099440997962374,0.040642850653984874
4.426557923747798,1.5977869146375199,0.056591893112398796,0.28446556493780867,1.0545806552463775,17.0,1.0438712080648265,4.6852642050925635,2.9930137987839363,0.05363900831189251
4.435203412456348,1.7203589718517684,0.062165966944180515,0.28825267295579615,1.0543302017364466,16.0,1.044002339447717,4.637817428984508,2.564093725641876,0.044558923895676006
4.4438308645835685,1.6497607134863441,0.061678595178987446,0.29219024078387346,1.054094659736208,16.0,1.0441429725430045,4.741074751322432,2.9805225429950193,0.05601165258094713
4.452440376459321,1.5911492231046755,0.06287935372101815,0.2965087450555096,1.0540407723747631,14.0,1.0442882860583655,4.550516376022309,2.7577789193524307,0.05561584685953286
4.461032053368227,1.586337920011983,0.06505796525571757,0.30030357341733144,1.0535288563312046,16.0,1.0444105186213428,4.773980464276954,2.9800941172817708,0.06044909395532977
4.469605991510285,1.6840215424864053,0.06375968106517185,0.30400593408767645,1.053855273036911,15.0,1.0444962367681312,4.447566414626769,2.890357169288711,0.05244550202745446
4.478162291310848,1.5066762846122737,0.05782474163689668,0.307138801998934,1.0535237682315945,14.0,1.0445280711606555,4.437708849685595,2.964060747968122,0.039957111585696516
4.486701049978215,1.6266874052571458,0.06562448063268106,0.30976843108952146,1.0537151051694233,15.0,1.044492893858445,4.1870057870804285,2.6054794024382404,0.04731621391987389
4.495222363211752,1.7250127180993444,0.06574997405262537,0.3119829399692223,1.0533354002505946,16.0,1.0443870270241584,4.859620843412477,2.9774565490044242,0.04944687083956711
4.503726329150826,1.7127061495159046,0.06703265755994008,0.3144167393725339,1.0528986062499472,15.0,1.0441844957947575,4.977746163254363,2.9099857729791316,0.060695380976243565
4.512213039775359,1.7473430082969958,0.07502626631003226,0.3171889102628713,1.0530070644435818,15.0,1.0439067063192042,3.9954592033159004,2.5757925061300098,0.04789732012823292
4.520682593246534,1.6474927797574705,0.07022141879586073,0.3199056817995484,1.052310218158347,15.0,1.0435621670551765,4.0651884209482505,2.64684218500536,0.04649421902830609
4.529135078913347,1.752435176280507,0.06381029609836246,0.3246594379261188,1.0530494647215178,16.0,1.0430267868984093,4.986300829041263,2.9765655552821886,0.04635680668547782
4.5375705933202255,1.7281902576038004,0.060032077546158906,0.32949509991984366,1.052814390062445,15.0,1.0424613333643757,5.048314453703133,2.861187934753436,0.05148274919629316
4.545989224593251,1.7040959246321263,0.06991258448398,0.33405889078448936,1.0522759406591915,15.0,1.0418912524799986,4.272463230276642,2.549349451062726,0.04830658278293785
4.554391066866106,1.8277753775190801,0.06671799711412672,0.33971671721774505,1.0527376448645178,14.0,1.0412062133717193,5.208040964980183,2.9632636064021156,0.046355955801893944
4.562776207698789,2.2150371264814344,0.07642285464168916,0.34627377041416124,1.0526219356993691,15.0,1.040372286182349,6.098029931260976,2.8273712183627793,0.05454187146990907
4.5711447371660965,2.0655381623970586,0.07767181852218194,0.35285789620904295,1.0531462449981475,16.0,1.0395484719628458,6.0252006808251055,2.9775090111055658,0.06390629600045228
4.5794967439516805,2.064372063646735,0.0695134670168179,0.3591772392207609,1.0527294111178704,15.0,1.0386964773157934,6.254098564002849,2.8913121233246706,0.08233321174382474
4.5878323151402975,1.8573655641065174,0.08274864320835146,0.3661491481503474,1.0524005262636873,15.0,1.037642282245932,3.8998972160283336,2.5530785885033747,0.06613478112810398
4.596151538488922,1.808211907871441,0.06506266641368212,0.37155862221567354,1.0523800494572175,15.0,1.0368116379412204,4.41085476834371,2.618745218845948,0.06588274649990697
4.6044544995014265,1.8196875372494765,0.06732233628448142,0.3769754001430323,1.0520688815046424,16.0,1.0359002960614203,5.497889374870341,2.975610709224875,0.05526226492769345
4.612741284718886,1.792812121714888,0.06858029803796126,0.3823239831936148,1.0520704353821966,16.0,1.0348722376058235,4.962530573256807,2.975456449758187,0.05762661858154952
4.6210119770323015,1.725117150197941,0.0750959957704083,0.3866416499627936,1.0520576243159598,15.0,1.0339508257539174,4.511468099940254,2.570857257720269,0.0662498312156606
4.629266662175952,1.6320635661477936,0.06657218469846679,0.39051397083682365,1.0519873249088727,16.0,1.033046671761748,5.307540662196251,2.9761529432281826,0.05293268752382454
4.637505421455089,1.6403228972004589,0.06229747619411701,0.3945658978293413,1.0519410937605083,15.0,1.0320313567057822,4.800918761917684,2.8481096465946845,0.06742806939959689
4.6457283392884205,1.6361569591609877,0.07180492735947992,0.39881117234384433,1.0521673523316264,16.0,1.0310050302930989,5.196044036718128,2.9762284035475224,0.059145745253809896
4.653935495889233,1.5877139504731792,0.07534051106833178,0.40306163462876266,1.052029941053761,15.0,1.0300480840063426,4.837985583835114,2.8686982982477534,0.0562417658775817
4.662126973721148,1.6743713187044744,0.07157780933936188,0.4073072779539779,1.0515908297460728,14.0,1.0291265722653187,4.926472285321021,2.9585110337935316,0.05815187688460177
4.670302851923687,1.6898124336312148,0.07630898638083407,0.4119287746895109,1.0518978984814715,15.0,1.028325923215084,4.182821635336031,2.594220559406304,0.06019024519156174
4.678463211243515,1.6792729440870522,0.06803790228319502,0.4160282215104556,1.0512997109648556,15.0,1.0277080907436176,5.071513391256017,2.892716344956798,0.05867773951028286
4.686608130256615,1.6063890102312022,0.07144629646382343,0.42140055144150085,1.051326307800273,16.0,1.0269905226210285,4.9904210823994175,2.9733512398229287,0.08372213823586415
4.694737686866395,1.7221859482570985,0.07206687605348902,0.4267002553073656,1.0515649837021401,15.0,1.0264450249778632,4.8258246522670465,2.594200750491852,0.07497597398703537
4.702851959607634,1.5388111421891686,0.07953985352464092,0.43080335053496754,1.0506463873198972,14.0,1.0260345706718506,3.8338581134375747,2.5333095693516046,0.07130590422564143
4.7109510248269695,1.7992769850834374,0.0770137686795194,0.436953342247921,1.0512562173704938,15.0,1.0256318697610058,5.4131297265476475,2.86473917234029,0.08613310689121653
4.719034959808765,1.8188642377488788,0.0728719472894548,0.4433708872750879,1.0516962165146795,16.0,1.025357237020426,5.398158092383642,2.9734255109851366,0.06217875838253286
4.7271038389527025,1.886143158016044,0.08896792897087766,0.44778147549176095,1.0511937403120097,15.0,1.0252610842792713,4.162573563334487,2.566383678555799,0.0588686275841139
4.735157738952389,1.859958034288196,0.09326331166387121,0.45289494573175615,1.0516745085353034,14.0,1.025293898411922,5.40933152771856,2.9571713726661946,0.0750976196856655
4.7431967318121675,1.5938685266487678,0.07779189328628174,0.4579246806679419,1.051361910542901,15.0,1.0254922322599345,5.0593596329830754,2.8336561382191228,0.09812441731126248
4.751220895280564,1.7675986583170948,0.08907192133100617,0.4626112985335531,1.0515152869172284,16.0,1.0258570794300392,5.530730090995171,2.9739776457304656,0.07732523478923942
4.759230299216755,1.808257422386202,0.0763888603214699,0.4670071120761366,1.050800543183546,15.0,1.0264607489549549,5.16344422462526,2.871041460212163,0.08857403294527794
4.767225019021133,1.7069619442300417,0.07385389513911576,0.4711236882652488,1.0504715431850675,16.0,1.0272125020688734,4.773762483300679,2.9727730944986335,0.07820853473660935
4.775205124730971,1.762428375498543,0.0835067377910979,0.4753535379675559,1.050377810409032,15.0,1.0281051863850363,4.642284142243193,2.605253602720404,0.057409704098575834
4.783170688919453,1.6504721690537214,0.07913950216791553,0.4794827932550172,1.050424749474662,16.0,1.0291103906906884,4.648986975084874,2.971962950881626,0.0821433406924922
4.791121781874846,1.781041026338578,0.07671641668428116,0.4846695151208888,1.0507203929580493,15.0,1.0303182103376871,4.252395911211693,2.604030301868906,0.07140449577881537
4.799058474073774,1.7293885427126259,0.08751364693126508,0.48913191146873,1.0503275027699464,15.0,1.0314023970617119,4.274156681947336,2.5881508262640773,0.10714503138388062
4.806980836667535,1.6454611743034102,0.07898974873758854,0.49523213623094847,1.0503084020823168,16.0,1.0327657811434745,4.55275164938328,2.972356188546768,0.08791900821611595
4.814888935531559,1.6737667700446754,0.07504833058709642,0.500856597432457,1.0502883121881026,15.0,1.0339274362959832,4.8750033904797325,2.8526558718134742,0.09085372473403064
4.822782843149131,1.6557269011410736,0.07630226723863859,0.5067613336178565,1.0499970919200718,16.0,1.0350845033017595,5.057500872434675,2.9723429255350307,0.0885107414877333
4.830662623974671,1.7211468220675614,0.08534675691814332,0.5131138719648538,1.0500118509547702,15.0,1.0362200469418674,4.786590862574733,2.8466449786084134,0.09847711571112933
4.8385283497522185,1.7073362937466963,0.07901568785319217,0.5191501363413099,1.049903329840237,14.0,1.0371203338751762,5.331965049648366,2.952073269495156,0.07522128301157822
4.846380084501764,1.5145789903760067,0.09068291183357946,0.5253197727208576,1.0500819304755113,15.0,1.0378740967640407,4.549477141954359,2.5839130938773924,0.0888979932084557
4.854217895804815,1.606311589786981,0.08189989690543117,0.5308862803882473,1.0498992346299068,15.0,1.038378224473603,5.261967239640918,2.87253437887645,0.10348874692851799
4.862041849522504,1.7086288475933964,0.09167544121120816,0.5365411677965766,1.0498846168895184,16.0,1.0386776253662986,4.998884709600264,2.969211536623828,0.11803430244950515
4.869852009507954,1.7996009730925726,0.10925260386914287,0.5418638409483677,1.0496217087826825,15.0,1.0387145742377797,4.761844169215449,2.6111709350941483,0.11196160544924724
4.8776484440076455,1.6883956366833706,0.08177752453136018,0.547186725266554,1.0492690556127702,15.0,1.0384477153950182,5.074078669668495,2.6150530234913827,0.09048322240378646
4.885431213013956,1.8425429623606329,0.09008423471645434,0.5533122850785755,1.0497708971828557,15.0,1.0377553825579697,5.7442731602647825,2.8676845535118494,0.08385924510137825
4.893200385108224,1.7856772148616524,0.08815054543983722,0.5573354462060908,1.0485489169565807,15.0,1.0369627355333864,4.794032126007389,2.5815409826359725,0.08878251561890323
4.9009560208199066,1.6105440620104046,0.08576296384366174,0.5628999535468115,1.0492702116748003,16.0,1.0357928683711748,4.725438137077052,2.969894169435814,0.1177071664251253
4.908698184074682,1.8581265668452838,0.07580136410219834,0.5691218767335912,1.0492795291369224,14.0,1.0342838032607873,5.639723657606537,2.949418189841317,0.07988438354918656
4.91642693748202,2.1147644467080067,0.09992198306045731,0.5750084529311841,1.0490266714614016,15.0,1.0325632765795474,5.904540699403464,2.8388938068810523,0.12516488632204933
4.924142340430227,2.769074262396078,0.09486092069625783,0.5809740852544933,1.0489902238063802,15.0,1.0306166950192874,7.872703080338965,2.849903191267725,0.13521848594367958
4.931844458394037,2.669911169459816,0.0939602343516713,0.5864630325106143,1.0486979212175918,16.0,1.0287370989069085,8.13559878134168,2.9683545799889717,0.1074356561066009
4.939533350493424,2.2318856900852087,0.08826612968464102,0.5920877716486654,1.048889477002785,16.0,1.0269138887273572,6.592511542203459,2.9681055453620315,0.11556101497280416
4.947209076997329,2.0471221485062965,0.09316871383724813,0.5972268184516089,1.048983403343555,15.0,1.0252949073896755,5.076059229126493,2.5928637738607754,0.08058492877603204
4.9548716987333306,2.0013900256596115,0.08984963900213518,0.6025398248553221,1.0487874528697272,16.0,1.0236745371067575,5.938767675096425,2.9672863189810306,0.11401874661570027
4.962521272818518,2.3621440990168097,0.10149795419068101,0.6075261014863788,1.0485879519171768,15.0,1.0222716658395352,5.814594731822623,2.6033149487616005,0.07919624378683433
4.9701578621885965,2.546909666338666,0.09681555185241654,0.6129404742450051,1.0488088426820086,15.0,1.0210815787940373,7.144903017907834,2.840151992920084,0.1189972879219359
4.977781523548267,2.53171759024772,0.09323546641119966,0.6194710217680461,1.0485200666635919,16.0,1.0199912888347473,7.622090562865413,2.9674946638022606,0.12408041780836891
4.985392315772933,2.5107434531771124,0.09463776597602828,0.6262535726628503,1.048248269118901,15.0,1.0193629742584775,7.05597868909182,2.8561030185751735,0.10315063730065553
4.992990296999371,2.2506928090130582,0.09225842514187858,0.6332418839817241,1.0482007304238297,15.0,1.0191309695022701,6.2331866087451235,2.823989700936249,0.13019291982807804
5.000575522417466,1.9478620323962228,0.08816455000683299,0.6407765915116502,1.0482064862953846,13.0,1.0193695823934346,5.469185713550916,2.8005690915562336,0.06372397971816252
5.0081480522126505,1.9630686328039526,0.08486075081148162,0.6490049319815792,1.048145498423779,16.0,1.0201833363465194,6.007911060483237,2.9648706322485636,0.08227784104942373
5.015707941600606,1.8109433356308113,0.10142049790735365,0.6574050413306497,1.0482825717200268,15.0,1.0213160693334047,4.324505764942148,2.57471779432144,0.08100340288527996
5.02325524469211,1.9442293177147665,0.0888518430418589,0.665004868128262,1.0477023709288822,15.0,1.02281079884233,5.2871989782057565,2.848053226611683,0.11033837079857287
5.030790020436965,1.6052988262749643,0.09348424210565927,0.6735530732203561,1.0476833515197312,15.0,1.0245694139590253,4.096326681701177,2.625510715765312,0.09485826317607308
5.038312322352612,1.6965813998912969,0.09522039078775206,0.6806877293857828,1.0469418239620532,15.0,1.026454619782239,4.378156143667242,2.6018213782718123,0.12775936193438706
5.04582220443159,1.6650502358494288,0.09528644461763047,0.6898572491897622,1.0471548542411806,16.0,1.0286852972639948,5.5229386449096065,2.962240248888148,0.16167668195154633
5.053319724044501,1.88276510280095,0.1041017024217375,0.6994606801568181,1.0471657950169138,15.0,1.0311307403000878,5.286362928738722,2.865127269304236,0.1287443656381992
5.06080493153733,1.7620457213047003,0.09938410233119062,0.7077583565794417,1.0465681011230983,15.0,1.0334956009766643,4.1362170102020235,2.5970308496828785,0.10895161373551351
5.068277884218733,1.6637844799117434,0.09801842662939932,0.7173488715662452,1.0463895948545396,14.0,1.0362237880931793,4.538009006918373,2.935057777207132,0.10618029077588996
5.075738634147299,1.80379546089595,0.09995593828562428,0.7263471010854631,1.0461967962601328,15.0,1.0387499124773867,4.827305292160699,2.8362441268772614,0.1184743220996424
5.0831872323948915,1.7605836352811128,0.09589132913588141,0.7349323774865453,1.046335777595293,16.0,1.0410727459111702,5.29157739279883,2.95990523032888,0.1390916436258826
5.090623733967019,1.5907228041442627,0.10579087522496147,0.7425177542997464,1.0463103840171488,15.0,1.0431408104199367,4.694895912206889,2.817990092483007,0.17541882636418898
5.098048190235946,1.9250561207754628,0.10273869145210208,0.749326992887537,1.0461302305347218,16.0,1.0449084757080416,5.337510332170593,2.95734442470038,0.12980203929253373
5.105460650932008,1.7767106896532074,0.10565984126408057,0.7563107049127096,1.0458897843453547,16.0,1.0464259240887204,5.222809222784469,2.956617736167484,0.14958876047773875
5.112861171124664,1.6605419525482163,0.10528725236728573,0.7614217124400845,1.0456343005916247,15.0,1.0472983260046609,4.116206026845996,2.582861664847812,0.11796624698632366
5.120249799967009,1.8153975506342641,0.10235728569054695,0.7674418838074042,1.0457280297943266,16.0,1.0477121210539893,5.459856803078331,2.955445856201838,0.12258948537629832
5.127626586109611,1.7978693462899764,0.12145093925901174,0.7723367603789917,1.0451463267062793,15.0,1.0475949074882172,4.354841330682352,2.617177551999724,0.1261347022802137
5.13499158404899,1.4932219991532565,0.10271043318142416,0.7772378424208025,1.0448026997255448,16.0,1.0470622699096988,4.438053552111275,2.955193378654958,0.13666890711008095
5.1423448409340295,1.8775137254904983,0.12931687192776403,0.7841267737778823,1.0451380438165678,16.0,1.045907489286929,5.509608247847785,2.95442301959641,0.1416916076395654
5.149686406297087,1.7809829596678104,0.11308555441781275,0.789506096960945,1.0449412934582016,15.0,1.044484753585219,4.760892320226374,2.8450654897128493,0.19553810750294462
5.157016331411638,1.7976621736100613,0.10872089727764536,0.7946330091335599,1.0448569200712878,15.0,1.0428110124812093,4.96092739531349,2.785980845465758,0.18562895899190154
5.1643346636862635,1.9969409470861144,0.11278052070131674,0.7986814341691452,1.0445434241446208,14.0,1.0409456008529105,5.8423112925548875,2.9196349670604427,0.1264925828295107
5.171641450443849,1.6762167908897865,0.10358783096411113,0.802158673905848,1.0445645028264385,16.0,1.039030395346681,4.9052384377670055,2.9498304650225893,0.14310378517616906
5.178936742844463,1.717265212222081,0.1036752187269118,0.8056523986162661,1.0447312417346641,15.0,1.037193305149947,3.8991106617930233,2.569172653952978,0.11898517774553473
5.186220586902321,1.8567309124772382,0.10746521422066589,0.8078307125782389,1.0438104515631306,15.0,1.0353975355320373,5.785949029813001,2.809507963812417,0.12672447418118407
5.19349302890739,1.7447619460979114,0.11197967546586052,0.8098189385814325,1.0441768693002567,15.0,1.0334170114776429,4.375469069925903,2.635392210706385,0.11012392298832019
5.200754119730561,1.5016972791038494,0.108618184195941,0.8109653175477062,1.0434008485921868,14.0,1.0317638078438527,3.666917036777001,2.4487097376542835,0.13886212220531507
5.20800390360616,1.8324373536451066,0.10917706623725291,0.8121718822438935,1.0436226551245897,15.0,1.0301841821863669,4.888234976940639,2.6211456905560575,0.12786401222100793
5.215242426044012,1.5856770940139215,0.10407709167811482,0.813515834801039,1.0436239429382608,14.0,1.0285318452830932,5.123856980161058,2.729701828190216,0.16855246200861768
5.222469736365516,1.882464687629618,0.11069234107975569,0.8144181838693815,1.0430786606347247,14.0,1.0274160026413537,4.338524461220694,2.4873307460468226,0.14254510637469217
5.229685879127098,1.8474851288623082,0.10030577568103215,0.8172886307780459,1.0431755058481678,14.0,1.0265848293529745,5.32840782243686,2.907454242168653,0.1088092511702622
5.236890898475908,1.9856954726773104,0.1088870616541686,0.8203975792631933,1.0429428766198632,15.0,1.0261341268488515,5.184043583542844,2.8235232638697187,0.13033915465921633
5.2440848418379105,1.7179211863341166,0.10386315096381446,0.825666596799064,1.0430491062837697,16.0,1.0261332388478914,4.637757499132989,2.9430832249811574,0.14318301700744626
5.2512677540350845,1.6073824595794095,0.10708237225987716,0.8329256299104304,1.0427164490323235,15.0,1.0266257686872189,4.2501534000149315,2.7787895658725295,0.1583159139632376
5.25843967790284,1.5561702298211728,0.10640945836594136,0.843947906330248,1.0424428770203593,14.0,1.0276407589152132,4.912987194519903,2.686421333489316,0.11552468487925925
5.265600659594851,1.7933427555841945,0.12026958760885381,0.85642295011706,1.042427791583655,15.0,1.0290908405409651,4.667191931406172,2.5735671211864566,0.14318251644250762
5.2727507430247265,1.6852178742154533,0.11697470457135592,0.867771959229709,1.0424531317075045,16.0,1.030876620797503,5.025996751222747,2.9401505085023176,0.21829321661606976
5.279889971262758,1.740192203549339,0.10314223385359698,0.8794885872879624,1.0424731181279314,16.0,1.033394334444685,4.96665623379822,2.9396886318972255,0.1479985618044487
5.287018386996745,2.0248226947015486,0.1189182975918325,0.8876283753195283,1.0424536541229559,15.0,1.036484591588559,5.784620527304183,2.625035408212727,0.22942812748028954
5.2941360353656055,1.5324815615576048,0.13201614176415657,0.8931558485289663,1.042904335217342,11.0,1.039635967999867,4.060205442358588,2.237212393699144,0.1383219672685936
5.301242958602139,,,,,0.0,,0.0,0.0,0.0
5.308339197301848,,,,,0.0,,0.0,0.0,0.0
5.315424797128845,,,,,0.0,,0.0,0.0,0.0
5.322499798542345,,,,,0.0,,0.0,0.0,0.0
5.329564242765175,,,,,0.0,,0.0,0.0,0.0
5.3366181712699525,,,,,0.0,,0.0,0.0,0.0
