wave,flux,err,path_corr
0.58,,inf,1.28
0.5836851085753291,,inf,1.28
0.5874378771811705,,inf,1.28
0.591260215571612,,inf,1.28
0.5951542612478814,,inf,1.28
0.5991219350103587,,inf,1.28
0.6031652486825945,,0.015416562948052362,1.28
0.6072866429848921,,0.01399089040930812,1.27
0.6114883288153422,0.002609668176167152,0.015281483806215053,1.27
0.6157725852112719,0.00198300085409361,0.014835536209528419,1.26
0.6201417925338175,-0.009720070224662843,0.014491095704813562,1.26
0.6245986421722293,0.015428686550250965,0.014838241982345343,1.25
0.6291457664413497,0.014997015200016681,0.013144734640443712,1.24
0.6337858404237796,0.00828043401572425,0.012104319152149665,1.24
0.6385216506886465,0.005021587247854731,0.011905661063320652,1.23
0.643356097508133,-0.0025117065177966223,0.012041704332894223,1.22
0.6482921961234418,0.0011279303986784126,0.011905706653508711,1.22
0.6533331269727229,7.242634333783473e-05,0.011389943320466788,1.21
0.6584822006004801,-0.0019179936960040651,0.012305143683225174,1.21
0.6637427687884045,0.03112823335405297,0.011512190382845996,1.21
0.6691183091358435,0.03779430465263278,0.011755141233900085,1.21
0.6746124267713053,0.01682250637894527,0.010520079305001763,1.21
0.6802288545553616,0.027630007327742404,0.009934881914413553,1.21
0.6859714560919713,0.0293364052006838,0.009844714548831008,1.20
0.691844227959342,0.03485007405210463,0.010134798182094604,1.20
0.6978512983243266,0.03736611623190097,0.009353913801059925,1.20
0.7039969298328147,0.05221469208595649,0.009525678242231226,1.20
0.7102856085857414,0.057273540193617974,0.009634070274196832,1.19
0.7167219126183257,0.07643670732722885,0.008898824009021788,1.19
0.7233105291495501,0.06406468043974331,0.00848277896487223,1.18
0.7300562801462376,0.06552620652144989,0.008560414673361034,1.17
0.7369641201458388,0.07134773313049068,0.009018627120885905,1.17
0.7440391997921404,0.06913746300525042,0.008163516849211433,1.16
0.7512868788768211,0.07613253160467622,0.0083952114296722,1.16
0.7587125091385601,0.07906544651553096,0.008903706454857902,1.15
0.7663215926443134,0.0765517022971858,0.008378222989004654,1.15
0.774119919436049,0.08744361562795223,0.008465393972683626,1.14
0.7821132007259336,0.08011288429067878,0.007743725490662246,1.14
0.7903073872275499,0.08388896481164662,0.008406601276830782,1.14
0.7987084651175618,0.09796823081874234,0.007945995185267547,1.13
0.8073225394191289,0.12898405152646936,0.007929216420348629,1.13
0.8161557536067607,0.154144581447684,0.00817573650754499,1.13
0.8252143502760124,0.11948832372836744,0.007882994379729832,1.12
0.834504545011099,0.11768546527873777,0.0080748997782929,1.12
0.8440326001886391,0.1505697025337682,0.00827252668964225,1.12
0.8538047314180898,0.14565371511574407,0.008537191918899662,1.12
0.863827101018897,0.10654589621531652,0.008103358417531034,1.12
0.8741057900388345,0.10388944450723231,0.008242047906309113,1.12
0.8846467458414128,0.09837692846771914,0.008112509478574363,1.11
0.8954557180203407,0.10679567519419698,0.008852837056727236,1.11
0.9065382439315256,0.13112144317507057,0.008665830944905533,1.11
0.917899600133022,0.12946084693650106,0.00855740351490819,1.11
0.9295447399190664,0.10629198839471635,0.00785570621991217,1.11
0.9414781779776228,0.11505614849725672,0.008786811818912997,1.11
0.953704006410979,0.1618797640764633,0.008574810443783517,1.11
0.9662258385310472,0.1934757655641049,0.008526152878264135,1.11
0.9790467547363041,0.1761142463436869,0.008266114784332437,1.11
0.9921691657178157,0.16153627604042198,0.007724982392182417,1.11
1.0055946541021599,0.16147822360523562,0.008033633283002476,1.11
1.019324339057131,0.1681388966905891,0.007625086701621462,1.11
1.0333581625344184,0.25239961879049516,0.008275914897655107,1.11
1.04769562118343,0.304596738780834,0.008980706788216419,1.12
1.0623348095831198,0.19822490288511194,0.007646168607453051,1.12
1.0772733104231236,0.16606141625462698,0.008100324385752228,1.12
1.0925076238365548,0.16308656068037802,0.007366664072428739,1.12
1.1080329895883543,0.16099168221136076,0.008037320840268387,1.13
1.1238439247626621,0.16048940493337766,0.007950065382587863,1.13
1.1399339202296326,0.16386889496541338,0.008005650132173343,1.13
1.1562954692118335,0.17564937471997805,0.007149031799022491,1.14
1.172920110207348,0.17033137968003373,0.007279986130480436,1.14
1.189798482477525,0.18225200992282525,0.007951323186160712,1.14
1.2069203946981257,0.18240073542868324,0.007019317528359398,1.14
1.22427490282959,0.18109308173769503,0.00697270425120337,1.14
1.2418503998866297,0.19051619979885456,0.007080018520779939,1.15
1.2596347079726347,0.23397909074026074,0.0073793593063261045,1.15
1.2776150098076984,0.22343498413039647,0.007878813657240028,1.15
1.295778068512631,0.1984803268950932,0.0071641934627403635,1.15
1.3141105508925275,0.2275909368805335,0.0075365277887062005,1.15
1.3325989336743904,0.34156965238176873,0.008396347441403242,1.16
1.3512292027094672,0.38414644298097556,0.009122262238835034,1.16
1.3699877959948106,0.39312593087503983,0.009552372621779952,1.16
1.3888610454771944,0.35283220947181504,0.008855841176646876,1.16
1.4078354054332207,0.31085964445152986,0.008381706486113869,1.16
1.4268978129515848,0.2643995284905437,0.008552226343550582,1.16
1.4460351644415461,0.2686457279373903,0.008648567412600046,1.17
1.4652351804118575,0.2734186972633351,0.008697592240024088,1.17
1.484485542835912,0.3381555006083694,0.009292906923613828,1.17
1.503774894158332,0.41795816194481716,0.009918330509364606,1.17
1.5230919289675537,0.42918863412158054,0.00962899855582076,1.17
1.5424263132204807,0.3940226418842282,0.009855807284525848,1.17
1.5617678733561122,0.4098075440162893,0.010009023755210589,1.18
1.5811073562502567,0.3703991225230201,0.009519167910297222,1.18
1.6004357718665838,0.3286836795910088,0.009815774710045919,1.18
1.6197449660294148,0.3490230171019495,0.009546717175180686,1.18
1.6390271122827214,0.3253164626466511,0.009324217322488358,1.18
1.6582751384955747,0.2800529599345171,0.009032547155745238,1.19
1.6774823285483327,0.285537759197398,0.009299273108172178,1.19
1.6966426491323692,0.28217708336974184,0.009162461005402005,1.19
1.7157504065023585,0.2839966823070986,0.00950792238008561,1.19
1.7348005438698328,0.3079101367021708,0.009937900783509934,1.19
1.7537882957827848,0.36831006290447393,0.010068669284149302,1.19
1.7727094873374194,0.3410468426518565,0.010033178167484069,1.20
1.7915602014168344,0.3207022079732655,0.010064748551860566,1.20
1.8103370271307406,0.3002184708428401,0.009858564571330112,1.20
1.8290368449051946,0.2852716820653342,0.010597601289872487,1.20
1.8476568906461937,0.29680372956773937,0.010132124851781934,1.20
1.8661947450366239,0.31582635178178575,0.010270765638598122,1.20
1.8846482083551959,0.3183162415312377,0.010622394302795057,1.20
1.9030154271188704,0.3093956664922439,0.01051695177187024,1.21
1.9212947744597593,0.31847742491263364,0.010116566073757957,1.21
1.9394848318047353,0.2931259896623613,0.00970148890496525,1.21
1.9575844354875391,0.2980255662087509,0.010066904717139972,1.21
1.9755926116367761,0.3051085230081397,0.01030648182424038,1.21
1.9935085372044494,0.2977030827354414,0.010083635898174586,1.21
2.0113315901179836,0.3166782291779921,0.010236893244738539,1.21
2.0290612972848603,0.4014466292117547,0.010932849527873996,1.21
2.0466973210851362,0.5313022464706978,0.01198812480129324,1.21
2.064239440861173,0.5596815666676518,0.012269129133233971,1.21
2.0816875658764213,0.6643756034203313,0.013109844740728594,1.21
2.0990417114575735,0.9090027064242899,0.014627953849544097,1.21
2.1163019870189075,1.323892879002684,0.016901669932087405,1.21
2.1334685879069606,1.0338534564742374,0.01635554962873653,1.21
2.1505417897480097,0.9004575509749201,0.015817650403278878,1.21
2.1675219368064105,1.0085639791078516,0.015733601499502058,1.21
2.1844094386983834,1.0888033325764572,0.01624805600794904,1.21
2.201204765306114,1.009026438926321,0.01640625385790645,1.21
2.2179084339102637,1.103888109620711,0.017778812925089912,1.21
2.2345210100099795,1.2547349146613902,0.018477744240646066,1.21
2.2510430992861563,1.2626705288892057,0.018683669161660792,1.21
2.267475343613624,1.2984160078635227,0.017966125125552155,1.21
2.2838184159891077,1.1587480365721927,0.01722495258015278,1.21
2.3000730180022937,1.1962617949018493,0.017423439791362846,1.22
2.3162398745848396,1.2862433988865958,0.017295011980594858,1.22
2.3323197325301765,1.3772696327102871,0.017892221207386448,1.22
2.348313355464835,1.6265412445029923,0.020141951128412522,1.22
2.3642215224878185,1.93533655528058,0.02092051917546876,1.22
2.3800450290042994,2.486375763253728,0.02611623785381608,1.22
2.395784677348306,2.323620703242009,0.023199313871204504,1.23
2.411441280834754,1.6660646548670999,0.01983856074042809,1.23
2.4270156551776076,1.542966065238478,0.018968576654829032,1.23
2.4425086228175013,1.5912845786427723,0.020178513138693566,1.23
2.457921006980187,1.5566052480410262,0.020339333743455045,1.23
2.4732536346195357,1.4182139364305624,0.0193649240525598,1.23
2.4885073408395906,1.4393281124852628,0.020379306381970354,1.24
2.503682951727686,1.522350376940949,0.020253537598825522,1.24
2.5187812903076483,1.6474811997019376,0.020396880044792544,1.24
2.5338031746699166,1.8064876459323271,0.02187635206383655,1.24
2.548749434851414,1.9189745682954114,0.022776570008179554,1.24
2.563620884124459,1.9963874038623324,0.022729287685006195,1.24
2.5784183292899194,2.0430285609661,0.025057903101987446,1.24
2.593142576432527,1.994718844978163,0.023685188793072052,1.24
2.607794431730421,2.107619357372515,0.02482332518508221,1.24
2.6223746810284503,2.4499877894836612,0.026147057958912596,1.24
2.6368841105021588,3.3582724074561274,0.029947522028178575,1.24
2.651323507129081,5.000754697868303,0.03805207834167919,1.24
2.665693633540448,5.503845867413349,0.03876598342427874,1.24
2.6799952584955955,4.025645252511683,0.033917164298235894,1.24
2.6942291379240904,3.3197309285256815,0.03124815763649408,1.24
2.7083960109643352,3.876672173959504,0.03329580021227128,1.24
2.722496629522857,5.179056609366144,0.03984657886905028,1.24
2.736531711535136,7.551393733244191,0.046172693709215167,1.24
2.7505019904400734,5.686727592889401,0.040892797847126613,1.24
2.7644081702232524,2.8312979050266054,0.029447655743050145,1.24
2.7782509597600167,2.2773589640816816,0.02733135623341423,1.24
2.7920310509214152,2.1945075384844537,0.026691605154047327,1.24
2.805749132496325,2.258138640491127,0.027459470751202607,1.25
2.819405880470551,2.2872457299003055,0.02807114299642029,1.25
2.833001963884593,2.2830465290709245,0.027488561974597012,1.25
2.846538039269264,2.275556748202814,0.027836126599879333,1.25
2.860014761815952,2.283803289264286,0.028258323601347557,1.25
2.8734327662119497,2.504431425322883,0.03094442749291137,1.25
2.8867926948960276,2.442341440015226,0.02967769481969505,1.25
2.900095159785734,2.4023954760086186,0.031002811094079336,1.26
2.9133407892191947,2.4280673924482477,0.030099337291698624,1.26
2.9265301811418674,2.417119240885561,0.031102530583034527,1.26
2.9396639352725615,2.45840021439235,0.030714096354533742,1.26
2.952742644822895,2.4156078719918908,0.030103929873159695,1.26
2.9657668825608123,2.450878164769192,0.030894184673691746,1.26
2.9787372316333065,2.4071247683805956,0.029961212339242083,1.27
2.991654251701132,2.392909968183654,0.0326266161092405,1.27
3.004518493532705,2.5582773842787634,0.031184893317369934,1.27
3.017330517982807,2.4762521062572556,0.03190350434128216,1.27
3.0300908585338138,2.5384389666579024,0.03115549272189825,1.27
3.0428000421342927,2.524103081296495,0.030743661607107186,1.27
3.0554586059953643,2.504342133037553,0.03179728018171495,1.27
3.0680670618450723,2.4530541123968943,0.029925375421967867,1.27
3.0806259152065363,2.515533431561234,0.03135183967828453,1.28
3.093135675007638,2.4510092025653463,0.03129908683400264,1.28
3.1055968365654634,2.50760269068262,0.03133182444970108,1.28
3.118009883201358,2.516185591935972,0.032241447918938675,1.28
3.13037529212252,2.6769931918621714,0.03329790554990532,1.28
3.142693548665865,2.8675504957763125,0.03346263153861638,1.28
3.154965115342098,2.8846651122272022,0.03365801318670319,1.28
3.1671904499914554,2.7584878163863054,0.03307265718194715,1.28
3.1793700032390566,2.777537896378537,0.033874453248281505,1.28
3.1915042278142876,3.0737840277625517,0.036438519658029966,1.28
3.203593566604194,3.374932435346503,0.03575694756756197,1.29
3.2156384500369875,3.581754496787458,0.039864774956575644,1.29
3.22763930434159,3.2299481804950423,0.036225226000811746,1.29
3.239596549308382,2.8299657382501073,0.034982764365614774,1.29
3.251510606573627,2.917310480018886,0.035684964896705654,1.29
3.2633818867882223,2.8511718694944226,0.03331195757298538,1.29
3.2752107919167264,2.8358511633694303,0.03483983139392053,1.29
3.2869977197672684,2.807179438379886,0.03510749554014801,1.29
3.2987430616545987,2.810766393242003,0.03537563734441291,1.29
3.310447203209697,2.9464791048319054,0.035003704679480024,1.29
3.3221105255911385,2.8532094380958366,0.03400850110481277,1.29
3.3337334117203885,2.911170112278234,0.035469443101091264,1.30
3.3453162302688932,2.8473597992832596,0.035177461005996544,1.30
3.3568593467138457,2.824671131436946,0.03609091196384606,1.30
3.3683631216578553,2.8802028274060376,0.034982461847917104,1.30
3.3798279101381015,2.889317451645975,0.036506161241239586,1.30
3.3912540621769245,2.8990726605410813,0.03431887042343031,1.30
3.4026419233783582,2.9286280502456807,0.034924859689610316,1.30
3.4139918350865566,2.9558037123178122,0.03569923053356311,1.30
3.42530413262564,3.0328887563457325,0.03492124773325199,1.30
3.43657914896227,3.3647441831436153,0.037120204317543065,1.30
3.4478172106928655,3.5784013501178933,0.039987757698091674,1.30
3.459018641120208,3.439261832291384,0.038106698010518664,1.31
3.470183758829473,3.5719335524708744,0.04225157088765848,1.31
3.4813128789037235,3.61792178931612,0.03982147490462938,1.31
3.4924063109532404,3.560412392107513,0.039623719546963664,1.31
3.503464361424337,3.7078736586925625,0.03918138108161897,1.31
3.5144873309160376,3.7957701736167304,0.04037260993079372,1.31
3.525475517721638,4.2732407178488385,0.04226137576764311,1.31
3.5364292148503687,5.4794210041603835,0.04865608135531173,1.31
3.547348712091234,7.732528515045506,0.05672543792557427,1.31
3.558234295366359,12.596626990457422,0.06998920252807178,1.31
3.5690862472308975,22.908193548448544,0.09394606983533135,1.32
3.5799048453398,44.023945746968394,0.1295314970763785,1.32
3.5906903655239932,62.304040841356276,0.15993876170373922,1.32
3.6014430803543043,45.52436858769125,0.13871549099544608,1.32
3.612163257010827,24.2783753815269,0.10009594228593793,1.32
3.6228511602368374,12.74290496588706,0.07274912213380946,1.32
3.6335070514080567,7.743433864781025,0.05878898215577881,1.32
3.644131186793082,6.085443896278572,0.05335944743497423,1.32
3.6547238211277495,5.071385648216686,0.04786218069092957,1.32
3.6652852060189143,4.411904331720975,0.04590066935192106,1.32
3.6758155884002424,4.029920427938955,0.043523275777451416,1.32
3.686315213189902,3.832600004667462,0.04362315483182886,1.33
3.6967843216100733,3.744823645305666,0.04415200250105896,1.33
3.7072231519909984,3.6604259642159267,0.042052374066110204,1.33
3.7176319402234688,3.6658010120893256,0.04262893692178245,1.33
3.7280109178605763,3.6910486637490516,0.04327339978041252,1.33
3.7383603180441494,3.6712595774897943,0.04485245542238707,1.33
3.7486803692771367,3.658789720254941,0.044096352991613776,1.33
3.7589712944633358,3.6014880656035086,0.0438228901910945,1.33
3.7692333145635164,3.6388196797541035,0.04394432010365097,1.33
3.779466648037233,3.5655400745576125,0.04461512669570905,1.33
3.7896715108007104,3.727894996498582,0.046704560494249946,1.33
3.799848115044753,3.6649851733625005,0.04535928461333863,1.33
3.8099966717361307,3.6706188126830943,0.04675977138967147,1.34
3.8201173944114766,3.759867694081061,0.046302053497355784,1.34
3.8302104872469056,3.706411149505202,0.04767244517812945,1.34
3.8402761536484293,4.086728569975513,0.048100474255732245,1.34
3.8503145929230524,4.306725382508007,0.050237999280573424,1.34
3.8603260028610866,5.3237656840962595,0.05482264621986754,1.34
3.870310580415696,5.326734941685028,0.05390154797528236,1.34
3.8802685234654226,4.301437018556054,0.050449810902915004,1.34
3.890200022911363,4.106619368301626,0.049703559911466404,1.34
3.9001052675865227,3.962937416369311,0.048383068849120775,1.34
3.909984443209113,4.025773823400726,0.05014599012762082,1.34
3.919837733300868,4.014347779597209,0.049105861181029345,1.35
3.9296653272534883,3.8730015235509327,0.05192024130971028,1.35
3.9394674047605855,3.817555440552362,0.05123395570107391,1.35
3.9492441426692237,3.936953597762352,0.052691409641193336,1.35
3.958995716518939,4.077102801029212,0.05122239422528083,1.35
3.9687223033867816,4.125612091648867,0.051776870943833986,1.35
3.9784240779375817,4.136245537956248,0.05242119838754836,1.35
3.9881012106079856,4.140245564196795,0.052816267466335456,1.35
3.9977538681045157,4.254365854893635,0.055147627950675106,1.35
4.007382216853585,4.349280886804141,0.05482983947257109,1.35
4.016986427079136,4.097845770169032,0.052082061459529594,1.36
4.026566661589679,4.115482061106872,0.0538444958109031,1.36
4.036123078404137,4.106037570950016,0.05636733524815745,1.36
4.045655837951796,4.137084573411509,0.05429165513263033,1.36
4.0551651036555185,3.893964832403114,0.05464218486559063,1.36
4.064651028624787,3.9024895257751613,0.052947452046184,1.37
4.074113765910358,3.836598837565952,0.05540072253591976,1.37
4.083553470117378,3.931087869968038,0.056501922083171785,1.37
4.092970296097852,3.9967260894889716,0.056150533547244655,1.37
4.102364389721523,3.975228043516891,0.05491635204308973,1.37
4.111735897736733,4.047920442261813,0.05544333909184292,1.38
4.12108497303308,3.974653122981625,0.05552517712108606,1.38
4.130411757244677,3.8988025937205872,0.05788695499510956,1.38
4.139716392055213,4.012732508201813,0.05512281877053283,1.38
4.148999022922519,3.970810429708419,0.05554782483109713,1.38
4.158259790984026,3.933357104012731,0.055251237111574696,1.38
4.1674988316964,3.9446909709924256,0.056456617636399545,1.39
4.176716285478991,4.121741794666466,0.05897175098868752,1.39
4.185912289762111,4.013728124031425,0.0602453984121619,1.39
4.195086975677259,4.0852916398325885,0.0565473112412688,1.39
4.204240479440824,3.999275351482631,0.06426882573144457,1.39
4.213372933499892,3.970727421896937,0.06415368774881422,1.40
4.222484466689331,4.026864008050185,0.062318601113748325,1.40
4.231575209108831,4.020757115827242,0.05923530642649163,1.40
4.240645290949382,4.068508698115366,0.06101317173965953,1.40
4.249694834501977,4.026575889333245,0.0608174614415244,1.40
4.258723969894642,3.9758755974013664,0.062201446414975964,1.41
4.267732820577568,4.181870318425847,0.06250269607606015,1.41
4.276721506179046,4.209747682513271,0.06361320971269716,1.41
4.285690153784143,4.23084409147028,0.06493604114570783,1.41
4.294638881810775,4.305029947050069,0.06527667622101474,1.41
4.3035678068934775,4.201637100429213,0.06380669998630939,1.42
4.312477052651228,4.378091591470509,0.06437081568526479,1.42
4.321366731802142,4.227265971137286,0.06410042865623887,1.42
4.330236962314281,4.37231153519612,0.06550158799587684,1.42
4.339087859279062,4.2556345334392125,0.06455654032508573,1.42
4.347919533663539,4.362836627569791,0.06601504271566591,1.43
4.356732102387456,4.506548118773571,0.06671845875628972,1.43
4.365525674426906,4.407920529819853,0.06508555223027669,1.43
4.374300359307887,4.46089391901823,0.06690630346904763,1.43
4.383056269664768,4.273288377870947,0.06705933210534501,1.43
4.391793507795993,4.519609650763213,0.06880385539262877,1.43
4.400512189278722,4.417937370212731,0.06876458312926567,1.44
4.40921241452012,4.367706919010081,0.06600275160705459,1.44
4.417894291464515,4.46836608214482,0.06743259068456188,1.44
4.426557923747798,4.436555438673106,0.07213923603249253,1.44
4.435203412456348,4.598802570922107,0.06982539472232242,1.44
4.4438308645835685,4.618714283449957,0.07312536995745454,1.45
4.452440376459321,4.566954668600325,0.07383446354073561,1.45
4.461032053368227,4.607067674458241,0.06897801943839836,1.45
4.469605991510285,4.572822385077255,0.06949823674665863,1.45
4.478162291310848,4.599483943035907,0.07091578189122609,1.45
4.486701049978215,4.885275550148856,0.07439518530188227,1.46
4.495222363211752,4.867205047059758,0.07521063445729964,1.46
4.503726329150826,4.863792363466972,0.07172264419024983,1.46
4.512213039775359,4.581294880584531,0.07249532790391171,1.46
4.520682593246534,4.634136972170919,0.07423076678033827,1.46
4.529135078913347,4.710382405583837,0.07373017571214315,1.46
4.5375705933202255,4.774708534097684,0.07102142301804766,1.46
4.545989224593251,4.680712472304269,0.07076525597705147,1.46
4.554391066866106,4.67574185877893,0.07337942735938813,1.47
4.562776207698789,4.715294955421696,0.0727185870091525,1.47
4.5711447371660965,5.025810579117866,0.07482433767822262,1.47
4.5794967439516805,5.037735691967533,0.07707092011925203,1.47
4.5878323151402975,5.310319428646809,0.07833518453033055,1.47
4.596151538488922,5.614750986264234,0.0827813061527587,1.47
4.6044544995014265,6.323221660132721,0.08487389936433003,1.47
4.612741284718886,7.776465797600746,0.0950363985798912,1.47
4.6210119770323015,8.352637906409633,0.09649128661364456,1.47
4.629266662175952,6.978078273657721,0.0880517977494068,1.47
4.637505421455089,6.047744434156268,0.08629151876022394,1.48
4.6457283392884205,5.883950437091734,0.08672636769371594,1.48
4.653935495889233,5.581927739785424,0.0839696211716379,1.48
4.662126973721148,5.441252522797656,0.0813884106451599,1.48
4.670302851923687,5.350781409408019,0.08123765092351246,1.48
4.678463211243515,5.085734312404457,0.0840496580973385,1.48
4.686608130256615,5.330973944354204,0.08240833369843893,1.48
4.694737686866395,5.4229302282759795,0.08341540382961296,1.48
4.702851959607634,5.49166295740741,0.08519418407728559,1.48
4.7109510248269695,5.604405757589172,0.08602765984539236,1.48
4.719034959808765,5.559013374024649,0.08797670760732122,1.49
4.7271038389527025,5.463755320105081,0.08735762430003349,1.49
4.735157738952389,5.560229804840105,0.0850347867008341,1.49
4.7431967318121675,5.42797739198323,0.08862933238520858,1.49
4.751220895280564,5.447246425697791,0.08864830805113966,1.49
4.759230299216755,5.467516777629608,0.08699908663069547,1.49
4.767225019021133,5.489868243221556,0.08881245049494248,1.49
4.775205124730971,5.431759467403956,0.08849998073659372,1.49
4.783170688919453,5.256620569814052,0.08761767718946374,1.49
4.791121781874846,5.374798345857478,0.08727979210154063,1.49
4.799058474073774,5.2870507727211615,0.09055602659987898,1.50
4.806980836667535,5.136952619240401,0.09231483991021543,1.50
4.814888935531559,5.345017954164593,0.0938307413794976,1.50
4.822782843149131,5.247121478142763,0.0930051257307903,1.50
4.830662623974671,5.2818632049091105,0.09418365394917269,1.50
4.8385283497522185,5.443715888197051,0.09962744744566304,1.50
4.846380084501764,5.774356574113604,0.09937095851429804,1.50
4.854217895804815,5.705489819290409,0.09395068231255185,1.50
4.862041849522504,5.589578191039435,0.09385503921741871,1.50
4.869852009507954,5.368979250280299,0.0951808425078721,1.50
4.8776484440076455,5.632282501427379,0.09503435715092494,1.51
4.885431213013956,5.66300749473944,0.10214338976569688,1.51
4.893200385108224,5.40203532755228,0.09610115315757249,1.51
4.9009560208199066,5.465027468158419,0.09622117922009193,1.51
4.908698184074682,5.376749132267568,0.09650062730945547,1.51
4.91642693748202,5.750236932639851,0.10135504540974478,1.51
4.924142340430227,5.924356814788306,0.09912300279745327,1.51
4.931844458394037,6.013110307708197,0.10050121337851003,1.51
4.939533350493424,5.787900373426823,0.10138873682716167,1.51
4.947209076997329,5.483178123872894,0.09587245467861051,1.51
4.9548716987333306,5.593283193568896,0.10240927682810048,1.51
4.962521272818518,5.6082559194900465,0.09834715549008632,1.52
4.9701578621885965,5.233337870668918,0.09446880984972988,1.52
4.977781523548267,5.387831536281886,0.09744137429854292,1.52
4.985392315772933,5.620893661523286,0.10179230122274294,1.52
4.992990296999371,5.935335240911502,0.10403390285386285,1.52
5.000575522417466,6.274615098696825,0.11179073820387116,1.52
5.0081480522126505,6.142093969939369,0.1054029853129459,1.52
5.015707941600606,6.89913935431317,0.11555149553208288,1.53
5.02325524469211,7.372397235583997,0.11932315550187474,1.53
5.030790020436965,7.283501583571523,0.12465267864989572,1.53
5.038312322352612,7.480804749636631,0.1196406635421478,1.53
5.04582220443159,7.42059064378131,0.11943799113501899,1.54
5.053319724044501,6.919937481500376,0.11991737761392456,1.54
5.06080493153733,6.612114892285668,0.11473797509130952,1.54
5.068277884218733,6.271525109210511,0.11941824088534893,1.54
5.075738634147299,6.12158835033679,0.11964455126665009,1.54
5.0831872323948915,6.041923793598809,0.1171528652117102,1.55
5.090623733967019,5.959705701779878,0.1155371580635613,1.55
5.098048190235946,5.870201511443823,0.12088025885963728,1.55
5.105460650932008,5.97918412830303,0.11664112983748443,1.55
5.112861171124664,5.989122768794759,0.12251279754228028,1.56
5.120249799967009,5.994664648359446,0.12009028740805938,1.56
5.127626586109611,6.250854986294466,0.12021593321646613,1.56
5.13499158404899,6.3014819973728065,0.12678419463343968,1.56
5.1423448409340295,6.174721939557275,0.12790423592297184,1.57
5.149686406297087,6.030184687379227,0.1199843996675624,1.57
5.157016331411638,6.020319695691609,0.1206835165334698,1.57
5.1643346636862635,5.924588394804788,0.1277223039441825,1.57
5.171641450443849,6.056760067024467,0.1288934399263986,1.58
5.178936742844463,6.257090457019495,0.13560227496826963,1.58
5.186220586902321,6.304911906641113,0.12465301662969897,1.58
5.19349302890739,6.539805275152695,0.12570070688351695,1.58
5.200754119730561,7.042107427378311,0.13517378471360553,1.58
5.20800390360616,7.5950331560368545,0.1428162041098954,1.59
5.215242426044012,8.15709476573387,0.14022012715926022,1.59
5.222469736365516,7.877901453725681,0.13374813596660926,1.59
5.229685879127098,6.8723663049000745,0.12838268284005014,1.59
5.236890898475908,6.266282648711487,0.1248683214476871,1.60
5.2440848418379105,6.023824899724765,0.1277266997291222,1.60
5.2512677540350845,5.800806301614767,0.12606017957899113,1.60
5.25843967790284,5.733123617752512,0.12615201480803456,1.60
5.265600659594851,5.316669954392008,0.12260199113046669,1.60
5.2727507430247265,5.018943023514747,0.12578899063816776,1.60
5.279889971262758,5.15790304898471,0.1230367091406174,1.61
5.287018386996745,,0.12765050186040103,1.61
5.2941360353656055,,0.31074417892499995,1.61
5.301242958602139,,inf,1.61
5.308339197301848,,inf,1.61
5.315424797128845,,inf,1.61
5.322499798542345,,inf,1.61
5.329564242765175,,inf,1.61
5.3366181712699525,,inf,1.61
