# wav_obs/um wav_rest/AA flam/1e-20cgs flam_err/1e-20cgs
0.58	721.3930348258707	0	0.015565892280160724
0.5825795760027304	724.6014626899631	0	0.015428350535887606
0.5851921677748343	727.8509549438238	0	0.015290898237843603
0.5878386625732493	731.1426151408575	0	0.015153526568325177
0.5905195003500588	734.4769904851479	0	0.015016251054838085
0.5932355853927922	737.8552057124282	0	0.014879064246108669
0.595987410881779	741.2778742310684	0	0.014741980604041886
0.5987758961884396	744.7461395378604	0	0.01460499420380492
0.6016015780710787	748.2606692426353	0.043913740740970424	0.08080641306777568
0.6044654167983907	751.8226577094413	0.004224892749959742	0.029098208416564002
0.6073679681374973	755.4327961909171	0.026506162931578477	0.026225490791001952
0.6103102619136401	759.0923655642291	-0.0006780801976833166	0.025333716226820693
0.6132929026902553	762.8021177739494	0.020814989827969376	0.02506288694704072
0.6163169099413753	766.5633208226062	0.015948008140700746	0.025144464312083212
0.6193829981276682	770.3768633428709	0.038591406002569134	0.024371532417844975
0.6224921383677138	774.2439531936739	0.06440759533728148	0.02367847641495782
0.6256451889322289	778.1656578759066	0.016896791441153188	0.02340141106193783
0.6288430488429118	782.1430955757609	0.012702113499238749	0.022351944418899383
0.6320867478178227	786.177547	0.11489515465598255	0.02347400740234596
0.6353771026663918	790.2700281920297	0.07686947584508298	0.021400471224851336
0.6387153138572512	794.4220321607603	0.02019924238283841	0.020299901231833846
0.6421022748025641	798.6346702	0.05189331403164128	0.019702060245618564
0.6455390472132652	802.9092627030662	0.07397124958386166	0.01930222955335983
0.6490267690895282	807.2472252357317	0.01757049672289773	0.01841429149007627
0.6525664239301128	811.649781	-0.0007634867040277227	0.017854730671113518
0.6561592568830257	816.1184787	0.03184540068001096	0.017527438688436283
0.6598063987567387	820.6547248218145	0.07143028272303764	0.018485852504028896
0.6635089403446296	825.2598760505344	0.05377271412762794	0.01713104189967833
0.6672682344669078	829.9356150085918	0.0026740275101759087	0.016067190085716904
0.6710854858106751	834.6834400630288	-0.02799516992459525	0.015484265313960742
0.6749618957189635	839.5048454215964	0.0445472265328867	0.01817398304495296
0.678898853746208	844.4015593858309	0.04527826832722373	0.015474107516717336
0.682897713541246	849.3752655985646	0.031150566849573725	0.014065108055334431
0.6869597886402969	854.4275978113147	0.0045714143258456675	0.01354400677110367
0.6910864410882286	859.5602501097371	0.03766162589385031	0.014228510602290518
0.6952792423060489	864.7751769975732	0.04143203507091421	0.013636087595081062
0.6995396184106439	870.0741522520449	0.02714581797156908	0.012364667293714304
0.7038690386946058	875.4590033514999	0.06218585966658277	0.01242735526361588
0.7082690153496021	880.9316111	0.033149167126089965	0.011756337104538604
0.7127411880001258	886.4940149255295	0.033408663555818806	0.01133693045328454
0.7172871817509567	892.1482360086527	0.022193324922863217	0.011045407767124503
0.721908619160228	897.8962924878458	0.0577334447700392	0.011719132178757256
0.726607164225353	903.7402540116332	0.0295404800208985	0.011321879415787068
0.7313845213991057	909.6822405461514	0.028180745854612586	0.01007197673649399
0.7362424340097447	915.7244204101303	0.008976729601710372	0.009779174432424351
0.7411827094181939	921.8690415649178	0.03142365375208848	0.01006549628436748
0.7462071942211109	928.1184007725261	0.036774737175390836	0.00990816305553782
0.7513177326818561	934.4747918928558	0.023608189417050476	0.009571808506657222
0.7565162054265641	940.9405540131395	0.027892174484909583	0.00942247975121042
0.7618045283371654	947.5180700711014	0.042054376949617514	0.009594060461009217
0.7671846491249172	954.2097625931807	0.030544677457876323	0.009253187066025723
0.7726585465857352	961.0180927683275	0.037768647729502315	0.009304883283657554
0.7782282297582933	967.9455594008625	0.02231726442994689	0.0088848598028685
0.7838957342659403	974.9946943606224	0.031899368393275805	0.00913849910467619
0.7896631201431397	982.1680599	0.01007038278487281	0.008476929255512789
0.7955324718646605	989.4682485878863	-0.0036305138945683427	0.008665752065024674
0.8015058926403994	996.8978764184073	-0.007497451427102175	0.008267148865701408
0.8075855036440818	1004.459581646868	0.03133290576448132	0.008287617440642539
0.8137734406164746	1012.156020667257	0.03166550188065811	0.008196091990100797
0.8200718593531278	1019.9898748173232	0.008609553115723246	0.007919401417128753
0.8264829242341463	1027.9638361121224	0.007555250635892436	0.007984866008246936
0.8330087902710174	1036.080584914201	0.0060398479808091675	0.007882473
0.8396516137464517	1044.3428031672286	-0.002299897048882578	0.007530192414289433
0.8464135461491198	1052.7531668521392	0.004774672090076942	0.007382886998278834
0.8532967325662884	1061.314343987921	0.022313003279227566	0.007382020490229227
0.8603032907876901	1070.0289686414058	0.03464935806391643	0.007592050350602046
0.8674353216996963	1078.8996538553438	0.031046870828576947	0.007407340199366092
0.8746949050722734	1087.9289864083005	0.022405303386745377	0.008526091350117051
0.8820840702368613	1097.119490344355	0.04339706535440266	0.007836747692445573
0.8896047888060394	1106.4736179179597	0.025029021986535224	0.007017000177069259
0.8972590211279228	1115.9938073730384	0.026087766863173267	0.007026899691184874
0.9050486202089789	1125.6823634440036	0.02198830790179807	0.006893960798675954
0.9129753861138141	1135.5415250171818	0.02543501760018455	0.006616045745848668
0.9210410744428097	1145.5734756751365	0.017632995336883266	0.00656166502730285
0.9292472578674488	1155.7801714769264	0.022726395367625402	0.006380156809283281
0.9375955437479452	1166.1636116267975	0.029093886931291436	0.006389199861437899
0.9460872639877415	1176.7254527210716	0.03604748499451423	0.006388801479679349
0.9547238013638755	1187.467414631686	0.032402458227539184	0.006362189100448167
0.963506255070242	1198.3908645152264	0.07695127191268285	0.007527541075422868
0.9724356865023118	1209.4971225153133	0.1442871560932254	0.0105048877316171
0.9815129996053971	1220.7873129420364	0.16947174458535486	0.011607093010969974
0.9907388166690001	1232.2622097873136	0.15812189967864668	0.010863007069759014
1.0001137484746956	1243.922572729721	0.07977469942728364	0.0070579980227193926
1.009638162209792	1255.7688584698908	0.0474928253866876	0.005861886376878398
1.019312111776189	1267.8011340499866	0.03975497818677062	0.005629857020814744
1.0291356009037484	1280.0194041091402	0.038879127654718265	0.005521116260327139
1.0391084108687507	1292.423396602924	0.04582577816029067	0.005558232664781898
1.049230093870805	1305.0125545656779	0.06987583544884195	0.006393867470531328
1.0594998411858538	1317.785872121709	0.06511367209001542	0.005978804702991137
1.0699167214828724	1330.7421908990952	0.05403208982176992	0.0055241395679250915
1.0804795792383788	1343.8800736795758	0.04898832131100199	0.005283254959421964
1.091187012181569	1357.1977763452353	0.048382637753395345	0.005190843447249868
1.1020373712595566	1370.6932478352696	0.056138880363231364	0.005366298398487611
1.113028761848544	1384.364131652418	0.05799409067965711	0.00542154746238362
1.1241590457333124	1398.2077683250154	0.04916616659775982	0.005060590214113774
1.1354258474317314	1412.2212032732978	0.05088692022465925	0.004993053393250587
1.1468265574606438	1426.4011908714476	0.07046780475874728	0.005651058516604667
1.158358345007364	1440.7442102081643	0.05979785254579442	0.005198074644088543
1.1700181606698468	1455.2464684948343	0.06121592415847135	0.005173839803136268
1.1818027520539054	1469.9039204650567	0.06805314397469213	0.005390387767943383
1.193708672491015	1484.7122792176806	0.06541665999327731	0.005259616377989263
1.2057321612343526	1499.6668672069063	0.06494581464238336	0.005203310949529817
1.2178693632331365	1514.7628895934536	0.06266895214752388	0.005104423362737963
1.230116311561112	1529.995412389443	0.06033240120414139	0.004880951406205376
1.2424689044782653	1545.359333928191	0.05307329390786213	0.004575764018759831
1.2549229210701223	1560.8494043160727	0.06066793792444099	0.004849357418342445
1.2674737726677145	1576.4599162533766	0.0650768296093455	0.004957391599507535
1.2801170265763484	1592.1853564382443	0.06389682036977007	0.004886358077113027
1.2928481874657403	1608.020133663856	0.05802145084679821	0.004596360648690379
1.305662554633985	1623.9584012860512	0.05973030015485254	0.004684617143107965
1.3185553794721794	1639.9942530748501	0.051248504720380235	0.0043658713864827186
1.3315220468853541	1656.121948862381	0.05762818682562728	0.0046060393878598225
1.3445577675650602	1672.3355317973387	0.05090012510236229	0.0043109102003370476
1.357657771103374	1688.629068536535	0.04451352952040025	0.004014706763720086
1.370817469430727	1704.996853	0.04520297123999539	0.004049290761869483
1.384032032	1721.4328756761818	0.0425309101249193	0.003927002401605826
1.397296907654375	1737.9314771820586	0.04676543470075885	0.00410734606682804
1.4106075441682582	1754.4869952341521	0.05344731026090443	0.004350769621269796
1.4239593659329888	1771.0937387226231	0.06054613979050344	0.0045874074415424735
1.437348095247602	1787.7463871238833	0.061265654674511685	0.0046322331467484575
1.4507692351944854	1804.4393472568229	0.05888201420092543	0.004487719356728151
1.4642187011592291	1821.1675387552602	0.04174292435432858	0.0038202262675791554
1.4776923052638864	1837.9257528157793	0.05061634049915179	0.004148780896888484
1.4911861026472073	1854.7090828945368	0.053434019206544794	0.0042254759138852715
1.5046962186192252	1871.5127097254046	0.05183998035963527	0.004177301372907856
1.5182188928752036	1888.3319563124426	0.048673209641373824	0.004116203703278857
1.531750564058656	1905.1623931077813	0.04600385837751503	0.0040100675343444974
1.5452876881886404	1921.9996121749261	0.05030497380007725	0.004130203819902598
1.5588270162554736	1938.839572457057	0.04574007118946122	0.003938773305294475
1.572365241649665	1955.6781612558025	0.04032946828123496	0.0037015646168541694
1.5858994080049043	1972.5117014986374	0.03583490892421419	0.003529529401056987
1.5994264791604489	1989.3364168662304	0.045060772579656676	0.003807592379673105
1.6129437524672157	2006.148945854746	0.049790925191161746	0.003997956349603924
1.6264485084776907	2022.9459060667798	0.04697982324518951	0.003895599322020971
1.6399382678785377	2039.724213779276	0.045189491181867505	0.003789533431852163
1.6534106169759542	2056.4808668855153	0.02646482640858827	0.0028981728093490583
1.666863296872597	2073.213055811688	0.03033429810742455	0.0031650317723846194
1.680294184210818	2089.918139565694	0.03780827480912729	0.0033810463153198275
1.6937012301325114	2106.5935698165567	0.038299946782842605	0.0034205028970912565
1.7070825854302927	2123.2370465550907	0.03470463656673248	0.0032797241211861626
1.720436402313575	2139.8462715342976	0.033292604281923835	0.0031998246988290103
1.7337610614055001	2156.419230603856	0.03253320329899654	0.003154301117372568
1.7470549566947233	2172.953926237218	0.028026423882214973	0.003001853973749321
1.7603166436536541	2189.4485617582764	0.032246456619836	0.003137105852847699
1.773544763168806	2205.901446727371	0.05007041108448431	0.003624293641835717
1.7867380234262134	2222.3109744107132	0.03622874169025712	0.0030546262341480885
1.7998952807150912	2238.6757222824517	0.03455762130437526	0.0029707530511591898
1.8130154040189659	2254.994283605679	0.028207436691062782	0.0029420055579653043
1.8260974048793557	2271.2654289544225	0.03923982054885115	0.00330174619144898
1.8391403597733926	2287.488009668399	0.03612091421170372	0.0032519675309651617
1.8521433929435338	2303.660936496933	0.03718562424611766	0.0032578910547024927
1.8651057444865244	2319.783264286722	0.040667524766302005	0.00336329743969978
1.8780266893617443	2335.8540912459507	0.03733845942516673	0.0032122914662792205
1.8909055742640848	2351.8726048060757	0.03570880696626556	0.0030818607220173995
1.903741827662511	2367.838094107601	0.033722781624238196	0.0030497185707856465
1.9165349054865601	2383.7498824459703	0.03994166941552982	0.0032732548923176223
1.9292843335942222	2399.6073800923164	0.0398571103597346	0.003254691960245019
1.941989699846936	2415.410074436488	0.0387354983495652	0.003210182273462591
1.954650623480951	2431.1574918917304	0.04052889449152835	0.0032720995527747987
1.9672667753501005	2446.8492230722645	0.04268854344505546	0.003395980593012109
1.9798378791476343	2462.4849243129784	0.03466419847500768	0.003045488065911949
1.9923636948646137	2478.064297095291	0.034406967695186266	0.0030055943975725156
2.0048440077986958	2493.5870743764876	0.03717358291212444	0.003127182069693362
2.0172786577084327	2509.053056851285	0.03588713239059509	0.00312628078466899
2.0296675161028612	2524.4620847050514	0.036891147604746766	0.0031181765066459473
2.0420104787361253	2539.814028278763	0.049525767632789534	0.0036275225318226517
2.0543074723678942	2555.1087964774806	0.03807217079861553	0.0031592005063915745
2.066558458451913	2570.346341358101	0.03572391453527347	0.0030693162260315263
2.078763422777053	2585.526645245091	0.03189734966282012	0.002879938920657743
2.090922373615622	2600.649718427391	0.022594211563421052	0.0026606849432018994
2.1030353399134962	2615.7155969073337	0.022465751006888753	0.0026568359022755275
2.1151023776550275	2630.7243503171985	0.03158892531525098	0.002842739447634146
2.127123560545414	2645.6760703301175	0.034783655376899855	0.0029494898953912226
2.1390989821839113	2660.570873363074	0.03421944449094265	0.002923112181759941
2.1510287521091063	2675.408895658093	0.028207028140079377	0.0025759927157808357
2.1629129957326767	2690.1902931998466	0.028945758863866595	0.00267608436924904
2.1747518541263062	2704.915241	0.03249067452882441	0.0028578127414114504
2.1865454820939156	2719.5839329526316	0.03583358806188586	0.0029849059168993116
2.1982940491015053	2734.1965784844597	0.03663116678390685	0.0029815218665312595
2.209997734	2748.7534004230974	0.03350177322026584	0.00282756576474529
2.221656726949721	2763.2546355096038	0.030244974875890465	0.0027257924188758002
2.2332712290054477	2777.7005335888657	0.03057647947287265	0.002683466379276381
2.244841452965926	2792.0913594103563	0.02804399854844471	0.00270108085788013
2.2563676161181863	2806.427383231575	0.032355064331556126	0.002867973818831318
2.267849945421535	2820.7088873402176	0.032775705280317605	0.002800240294943823
2.279288675	2834.9361628308834	0.03237065428334155	0.002736953964655055
2.290684045042725	2849.1095087596086	0.03196083476457134	0.0027588538646588535
2.3020363005043403	2863.229229483011	0.03044702397044255	0.002675691663855662
2.3133456943442203	2877.2956397316175	0.024365088895899854	0.002419290507173966
2.324612482380085	2891.309057686673	0.028800562046268824	0.002557534550547387
2.3358369254312747	2905.269807750342	0.028700960915740113	0.002584804741114354
2.3470192870686333	2919.1782177470564	0.030090717827946346	0.0026329690287687298
2.358159836559927	2933.034622586974	0.025411818118564196	0.002461632576245472
2.369258845225918	2946.839359733729	0.02846690439497831	0.002572945458929035
2.380316586	2960.5927683354485	0.032910149618698877	0.002737014427868815
2.3913333338549587	2974.2951913618895	0.02914178638113262	0.0025596546569747495
2.402309367802071	2987.946974878198	0.022849955345004603	0.002314962200190251
2.413244969	3001.548468620983	0.02922545817734102	0.0025478104559794493
2.424140415080061	3015.100018756295	0.02503814660746687	0.0024182141456034994
2.4349959897314406	3028.6019772779114	0.020884221536364135	0.002232184705898074
2.4458119758475814	3042.054696327838	0.02308375193669195	0.00234902342090184
2.456588655208537	3055.458526378778	0.021280958054035938	0.0022573924317062025
2.4673263125005764	3068.813822	0.023631061666685823	0.002355085599674438
2.4780252304356423	3082.120933377665	0.022888275894663673	0.0023148911494840782
2.488685692589119	3095.3802146630837	0.019949669892350523	0.0022602243519891513
2.499307982678793	3108.5920182572054	0.02142192251651455	0.002280059150533802
2.509892382934195	3121.7566951917847	0.01807868697807973	0.0021352203641401934
2.5204391746935593	3134.8745953899993	0.017416894767834507	0.00210921361383308
2.5309486397561587	3147.946069348456	0.020580268680364344	0.002208911847632124
2.5414210582758883	3160.9714655172743	0.026113604359515256	0.002375716185206932
2.551856708953934	3173.9511305397195	0.0304427155487441	0.002544916548142765
2.562255870881036	3186.8854115435774	0.027359797452259735	0.002479520738541484
2.5726188217401718	3199.7746539056866	0.02857943146974244	0.0025100419936129256
2.5829458401758494	3212.619204198818	0.022038749818754633	0.0022643234488081603
2.593237200391071	3225.419403471482	0.02011907656862087	0.0021858297849000606
2.603493174	3238.175590005821	0.020697920437104323	0.002163189065978
2.613714033	3250.8881007455975	0.019183450862087916	0.002113157030983558
2.623900045075997	3263.5572699950217	0.02020332314860482	0.0021666024213544076
2.6340514781097255	3276.183430484734	0.02237168673694185	0.002261038053670947
2.6441685979343768	3288.7669128537027	0.019968955275349823	0.0021177212978142207
2.654251673631955	3301.308051781039	0.021222869491454285	0.002173699120585034
2.664300968191234	3313.807174367207	0.02162788543433773	0.0022000205795342075
2.6743167410672273	3326.264603317447	0.022018844883938727	0.0022024923991067384
2.6842992496308025	3338.680658744779	0.01816803022113551	0.0020790230699128005
2.6942487499967114	3351.055659	0.015187556452081512	0.0019938872765083676
2.704165496637587	3363.389921191029	0.01449224424319789	0.0019827195044571353
2.714049748044564	3375.683766224582	0.015320952683506014	0.0020163579356091274
2.723901753385719	3387.9375042110933	0.01875291498224833	0.002105562272784649
2.7337217590696907	3400.151441628969	0.02014777581034936	0.0021349400927418096
2.743510011118524	3412.3258844757765	0.021137367074811515	0.002181357469171987
2.7532667550382834	3424.461138107318	0.020566381479085648	0.0022113925065265373
2.762992237443458	3436.5575092580325	0.019599792685407503	0.002116309094769123
2.7726866961392886	3448.615293705583	0.015760151645857614	0.0017586898142104269
2.7823503673228998	3460.6347852274876	0.01671964930347902	0.0019566674913899062
2.7919834857298906	3472.616275783447	0.01730077066698712	0.0019918144830958274
2.801586292270411	3484.5600650129495	0.01488220463169204	0.0019866923480079974
2.8111590163897775	3496.4664382957435	0.016358049053807572	0.0020825700995721935
2.8207018843362963	3508.3356770351947	0.018304615038189725	0.0021080017343553157
2.8302151237005266	3520.1680643041377	0.01858889390458731	0.0021044090143902817
2.839698965583387	3531.9638875415267	0.013377278517791767	0.0019501404889870216
2.8491536304615677	3543.7234209720996	0.0173287683301706	0.0020418695189331755
2.858579336075421	3555.4469354171906	0.017826593973936055	0.002084772723870648
2.8679763053515286	3567.1347081486674	0.018412554730330155	0.002077466557131607
2.8773447568975232	3578.7870110665713	0.017621021432097678	0.0020364343641388885
2.886684901579354	3590.404106441983	0.014955505387787862	0.001979283729185588
2.8959969508628944	3601.9862572921575	0.018551966151468053	0.0020535562280047212
2.905281121886538	3613.5337336897246	0.02028033703222113	0.0021499199143013813
2.914537619810681	3625.0467908093055	0.01886511917059081	0.0021193945768922854
2.9237666464468433	3636.525679660253	0.017576412785065897	0.0020987082549416944
2.932968415238757	3647.9706657198476	0.020709653159205973	0.0021561910960023185
2.942143125	3659.3819962076745	0.01949795663506655	0.002135162348308337
2.951290970853909	3670.7599139973995	0.01784115555696371	0.002137372363181214
2.960412160621856	3682.1046773903686	0.02379296068228695	0.0023290239124365624
2.9695068860722684	3693.4165249655084	0.022876309301279416	0.0022432965064156816
2.978575337508115	3704.6956934180535	0.02154947842109967	0.0021668843102888393
2.987617716230412	3715.942433122403	0.027204796830038187	0.0023857244599072027
2.996634208202778	3727.156975	0.025485219083026967	0.0023187080309831445
3.0056249990641937	3738.339551074868	0.02555357976341309	0.0023398295658372727
3.0145902827021476	3749.4904013708306	0.0318057096157027	0.002596132142271829
3.023530238356086	3760.6097491991127	0.02746109096560366	0.0024354416450835807
3.0324450503087133	3771.697823767057	0.021882409440136835	0.002232346417156979
3.041334902449756	3782.754853793229	0.027954070189519502	0.0024404168955843705
3.050199967657564	3793.781054300453	0.036629471014821474	0.002796625204850999
3.059040431181314	3804.7766556981524	0.03578486950228282	0.002757244970980145
3.0678564645319577	3815.7418713084057	0.037636533600490706	0.002816508450678497
3.0766482406266777	3826.6769162023356	0.0346479785740949	0.002664248178256575
3.0854159355382604	3837.582009375946	0.032225258238443535	0.0025958893617590117
3.0941597141243333	3848.457355876037	0.03480995118433561	0.0027493457540123238
3.1028797509686554	3859.3031728465867	0.040084391068056474	0.0030127458860823605
3.1115762093350323	3870.119663352031	0.04311288173374338	0.0031155009125294654
3.1202492541429323	3880.9070325160856	0.04035091017009125	0.0029816411375707423
3.1288990522133577	3891.665488	0.04358044686074068	0.003128537917012938
3.137525758732646	3902.395222304287	0.04067929155315909	0.0029328735931374297
3.1461295428371776	3913.096446314898	0.04124937582482515	0.002824737795465043
3.1547105554249684	3923.769347543493	0.039321245003165514	0.0026945763380196793
3.1632689593489873	3934.414128543517	0.03826567939024828	0.0028695642176635575
3.171804906647105	3945.0309784167976	0.04052532349247289	0.002975416196089142
3.180318551949745	3955.620089489733	0.041052400071343344	0.0029956868699369645
3.1888100477538566	3966.1816514351453	0.041231105237716996	0.0029810591998988677
3.1972795430985217	3976.7158496250277	0.043803368376709895	0.003113386095197432
3.2057271908857325	3987.222874235986	0.04942018374871724	0.003373805404113966
3.2141531326988795	3997.7029013667657	0.047721259234036584	0.0032913274903479104
3.222557522435469	4008.1561224321754	0.046341074305853644	0.003237142722393374
3.2309404967019884	4018.5827073407822	0.04554694801298776	0.003215835563937066
3.239302207261317	4028.9828448523845	0.04574057802438059	0.0032170172723762326
3.2476427886090526	4039.356702250066	0.04997317299184945	0.003418481712422961
3.2559623876300554	4049.704462226438	0.05023320980796967	0.0034221244385148424
3.264261137427733	4060.026290333002	0.05458201666111098	0.003648416658411541
3.272539180855314	4070.322364247903	0.05186027229242488	0.0035148255954959673
3.280796649275398	4080.5928473574604	0.05223572391380017	0.0035227522629850162
3.2890336824751816	4090.837913526346	0.05457554275009657	0.0036436773174923637
3.2972504088183956	4101.057722	0.044242324482283914	0.003008719546639751
3.3054469658642995	4111.252445	0.06033676232968407	0.003915412480263375
3.3136234792440544	4121.422238	0.05522955996169775	0.0036730403190442336
3.321780084104462	4131.5672687866445	0.054078508413301245	0.0036009970286243176
3.329916903293718	4141.687690663829	0.053323919207899834	0.0035685876904651558
3.338034069736082	4151.783668825973	0.05129143803959812	0.003472420506598823
3.3461317026079214	4161.8553515023905	0.054354785246757444	0.003653214821060231
3.354209934017923	4171.902903007367	0.05301533069107681	0.003549724925537054
3.362268880269744	4181.926467997195	0.05012412052728549	0.0034148653251487872
3.3703086701337455	4191.9262066340125	0.04923966597030791	0.0033848415286808053
3.3783294196053615	4201.902263190749	0.05220583523084639	0.003489497902620632
3.3863312518046524	4211.854790801806	0.056527878617817946	0.003706928317949221
3.3943142835249454	4221.783935	0.056636508633839525	0.0037274382118437713
3.4022786325023766	4231.689841420867	0.05355588826775218	0.0035596973908459347
3.410224416333522	4241.572657131246	0.057196588998709566	0.00381173342429774
3.4181517472832867	4251.432521496626	0.05821398805366141	0.003821824405134488
3.4260607440758997	4261.269582183955	0.056390745990124475	0.0037385160277323185
3.4339515135079313	4271.0839720247905	0.05030157469078262	0.0034672713233860966
3.4418241755007535	4280.8758401750665	0.0551043778447812	0.003698350392010886
3.4496788345665736	4290.645316625092	0.05779552327209558	0.003837825237536193
3.4575156048302635	4300.3925433212235	0.05921701465041305	0.0039120742931029115
3.465334593105797	4310.117653116663	0.05357694556835352	0.0036531310470559867
3.473135906050702	4319.820778670029	0.056459225181871055	0.0038281719430344066
3.480919653642068	4329.502056768742	0.06388089148077354	0.004192006833426752
3.4886859357901048	4339.161611679236	0.0704166490989119	0.004488682764375387
3.496434865	4348.799583828309	0.07091265765420884	0.004522695783318444
3.504166540513669	4358.416095166255	0.06924915421448105	0.004427418618221925
3.511881065778639	4368.011275844078	0.06696382709436459	0.004289462113261068
3.519578544289174	4377.585254091013	0.05939841704859821	0.0038957352826502994
3.527259071793525	4387.138148996922	0.05591569976691354	0.0037134726699359724
3.5349227556657548	4396.670094111636	0.0533525011134679	0.003586621173068133
3.542569689968919	4406.181206429004	0.054819702617639764	0.0036664241626973852
3.550199974735712	4415.671610367801	0.05499284931240034	0.0036853594610812205
3.5578137076769645	4425.1414274589115	0.0559410343411876	0.003730682581187703
3.5654109811558428	4434.590772581894	0.0708013333330969	0.0045000157157360846
3.5729918966907985	4444.019772003481	0.07141680060910448	0.004551370656519231
3.5805565454530686	4453.428539120732	0.05297632908065557	0.003597116712652637
3.588105019782099	4462.817188783706	0.06047646380898754	0.003969966495532785
3.5956374171446384	4472.185842	0.06511725870836611	0.004209577554494832
3.6031538248161734	4481.534607980316	0.06586939354774016	0.004222177986715534
3.610654336579236	4490.863602710492	0.06080546842383717	0.003980547754232428
3.6181390435263703	4500.172939709417	0.057613392760954	0.0038249310589880746
3.6256080313604313	4509.462725572676	0.058390840672798504	0.003871804156799494
3.6330613938752516	4518.733076959269	0.06070349875898796	0.003982207741139649
3.640499216534508	4527.9841001672985	0.0631936731278506	0.004103525241354545
3.647921583552191	4537.2158999405365	0.05858519302577748	0.003854754491986717
3.6553285872573533	4546.428591116111	0.05992061451392937	0.00391826029699104
3.662720310624118	4555.622277	0.064581539166909	0.0041790947408877925
3.6700968357716155	4564.797059417432	0.0626212875077182	0.004096114295638565
3.677458252000546	4573.953049751924	0.05647893526363983	0.003763817626523402
3.684804639904808	4583.090348140309	0.05784899051606532	0.003869014662838516
3.6921360799185434	4592.209054625055	0.0614882950558623	0.004046302576217965
3.6994526593906953	4601.309277849124	0.05581625748165775	0.003737282446159287
3.706754455784504	4610.391114159831	0.058262363441680454	0.003848775810021674
3.7140415485257776	4619.454662345495	0.05931465980266075	0.003887617374745326
3.7213140218749188	4628.500027207611	0.0626831345488747	0.004081177478624269
3.728571952445651	4637.527304036879	0.06156130263126631	0.00403190451442847
3.7358154152145597	4646.536586087761	0.06176387644921762	0.004033104881447444
3.7430444949201926	4655.527978756459	0.06888275143940911	0.004387900978689093
3.750259265	4664.501574	0.07199243644788508	0.004573122441412935
3.757459799527496	4673.457462098876	0.07176032675158134	0.004569842963340004
3.7646461787043517	4682.395744657155	0.06906029982479395	0.004426135782076683
3.7718184762225078	4691.316512714562	0.06667237540373491	0.004301744840250185
3.778976764522886	4700.219856371749	0.06589063509338243	0.004268584980742511
3.7861211197307214	4709.105870311843	0.07188357838224081	0.004420132787276166
3.7932516153088462	4717.974645906525	0.06774058130262149	0.004412255135422103
3.8003683225743075	4726.826271858592	0.064865382743385	0.004284109968005177
3.8074713116958483	4735.660835442598	0.06323002237637709	0.00417857220530134
3.814560659043889	4744.478431646628	0.06393959800077317	0.004077686478784366
3.821636432492214	4753.279144890814	0.06507125606005627	0.0042515840708839524
3.8286987000115245	4762.063059715827	0.06340832037773111	0.004185483322421609
3.8357475355752144	4770.830268128377	0.06391756428582797	0.004176778830134102
3.842783007051997	4779.580854542285	0.06886587152669453	0.004427507115099423
3.849805181276867	4788.314902085656	0.06902953754227553	0.0044318906890671505
3.856814125238903	4797.032494078238	0.06683960271046503	0.004336721944171631
3.863809910460115	4805.733719477756	0.07034959011200013	0.004513246682350674
3.8707926016529193	4814.418658772288	0.07453952523461019	0.004741847903447726
3.877762263040946	4823.087391841973	0.0792598980789684	0.005002638647879028
3.884718962	4831.740002971742	0.0824557560018547	0.00518122762410465
3.8916627660301426	4840.376574664357	0.09886516591661505	0.006049615985373022
3.8985937372083503	4848.997185582526	0.1140091580374438	0.006896365222567905
3.905511938170381	4857.601913147241	0.12383319262554622	0.0074515251764704065
3.9124174354875367	4866.190840158629	0.1236388091236735	0.0074169434870549915
3.919310292240295	4874.764045074994	0.12220002082530755	0.007326419208684967
3.9261905695299077	4883.321604	0.10744193214045879	0.006538798858610961
3.933058328127323	4891.863592198163	0.0919392467683919	0.0056838758383341145
3.9399136324572526	4900.390090120961	0.08240581544544333	0.005181428945674698
3.946756543632162	4908.901173671844	0.0745584992375359	0.004776743779161479
3.953587120821833	4917.396916445066	0.07536923183024902	0.004830011141781182
3.960405422948916	4925.8773917275075	0.06994888108035671	0.004534474984851002
3.967211512182341	4934.342676843708	0.06994139351979103	0.004518474819997216
3.9740054476484197	4942.792845333856	0.0672759124144728	0.004409456705523444
3.980787287425719	4951.2279694349745	0.07220672619628761	0.004684050335732312
3.9875570880389213	4959.648119451395	0.08069219571785892	0.005081330737048841
3.9943149087705985	4968.053369117661	0.07886517090584912	0.004984732380876021
4.001060808461606	4976.443791618914	0.07863474527114457	0.004984422503864646
4.007794842851685	4984.819456283191	0.07374831832351413	0.00473956184809819
4.014517066968279	4993.180431552586	0.07460153121951617	0.004805826105243987
4.021227536979579	5001.526787288034	0.08164676386117511	0.005145401913214657
4.0279263111269445	5009.858595929037	0.08498044522619258	0.005288525685425737
4.034613443775705	5018.175925094161	0.07935271845301778	0.005060447213130411
4.041288988569824	5026.478841504757	0.07391974686477437	0.004769744268082327
4.0479529988353775	5034.767411486788	0.07835347894634906	0.004993475809870708
4.054605530160759	5043.041704180049	0.07506755422616432	0.004825723435566163
4.061246636886943	5051.301787172815	0.07114161076952162	0.004653311686667346
4.067876371	5059.547725498072	0.07409505423994533	0.004802076159574925
4.074494785307672	5067.779584	0.07294867388387674	0.004765912924586043
4.08110193	5075.997425205709	0.07485575703364603	0.004926937988063599
4.087697859676281	5084.2013180053245	0.07546095789209167	0.0049688015713243005
4.094282626338759	5092.391326	0.0776679696403634	0.005002592002969778
4.100856280334122	5100.567512853387	0.07523889139999144	0.004848888692089357
4.107418871504617	5108.72994	0.07346622620925058	0.004757925089067952
4.113970449087842	5116.8786680197045	0.07130260132250664	0.0046399455120800645
4.120511065157364	5125.013762633538	0.07468318968663751	0.0048016135524385425
4.1270407697426625	5133.135286	0.07331962932819547	0.004747049338886381
4.133559611858945	5141.243298332021	0.0766518897939807	0.004938309704539676
4.140067639837333	5149.337860494195	0.08407549766941644	0.005338038072534331
4.146564900731111	5157.419030760088	0.08202061117164317	0.00525333463844725
4.153051443	5165.486869951544	0.0768912766014174	0.0049685559865954715
4.159527317567614	5173.541439760714	0.07388860225444818	0.004821669650873104
4.165992570551016	5181.582799192806	0.06941460539514709	0.004598190315969534
4.172447248723011	5189.6110058743925	0.07794064572129361	0.005011732060934938
4.178891398	5197.626117	0.0740480818471503	0.004815942952167267
4.185325065017793	5205.628190320638	0.07320904694653066	0.004788278157957983
4.191748295392428	5213.617282826403	0.07663464072551102	0.004979650539052003
4.198161136946222	5221.593453913212	0.07857088750471489	0.005098959546474452
4.204563635366342	5229.556760405899	0.0738977981869335	0.0048877890428768965
4.210955833968568	5237.5072561798115	0.07146923920096597	0.004753939721577653
4.217337777921563	5245.444997	0.07556082692817162	0.004928119573656761
4.223709510974544	5253.370038525552	0.08119260226528413	0.0052047594917929985
4.230071077	5261.282434172762	0.08220616067191756	0.005239616328217964
4.236422522639371	5269.182242	0.07885154042970852	0.005072872802455962
4.242763890259587	5277.069515248243	0.08598241459260478	0.005459731117928916
4.249095222888464	5284.944307075204	0.07655654697970524	0.004951921601731528
4.255416563099039	5292.806670521193	0.07692475354983486	0.004973657538321001
4.261727952610216	5300.656657475393	0.07555349686160195	0.004886901631653512
4.268029434358795	5308.494321341785	0.0778784179203768	0.0050317654531164486
4.274321050948038	5316.319715109501	0.08197604001446837	0.005230112390761447
4.2806028446861975	5324.132891400744	0.0785766905422651	0.005076268740721881
4.286874857379454	5331.933902213252	0.07534904608520594	0.004935687077583451
4.293137129539252	5339.722797934393	0.07914630161037989	0.0051341465215335265
4.299389701240471	5347.499628408546	0.07822523579144182	0.0050618625683440084
4.305632612683631	5355.264443636357	0.0782724276391991	0.005071527182053407
4.311865904371281	5363.017293994131	0.07466545760034565	0.0049167541102454115
4.3180896168407035	5370.758229901374	0.07263855583440239	0.004810152806068424
4.324303790673433	5378.487301832629	0.07534858981571659	0.004938465506952624
4.330508465759259	5386.204559402064	0.08294985164873715	0.005332700894720964
4.336703680223885	5393.910050029709	0.0822265993238004	0.005314557031120143
4.3428894734038535	5401.603822641609	0.08168206470687359	0.005268502786890731
4.3490658834696125	5409.285924713449	0.0785022378814944	0.005104131395809663
4.355232948096844	5416.956403105527	0.08135430331668744	0.005288383633457903
4.361390706052006	5424.615306034834	0.08050828924390019	0.0052503458237927
4.367539195311636	5432.2626807358665	0.08581012710272781	0.0055226795217069745
4.373678455	5439.898575398484	0.08191765125519754	0.005307347988071496
4.379808521626309	5447.523036848644	0.08324363735924808	0.005371129575833435
4.385929432	5455.13611	0.08344391263244588	0.005378434785135624
4.392041223930716	5462.737840709846	0.08340423051787071	0.005396767249750478
4.398143933174382	5470.328275092516	0.07927134787550312	0.005165630575678024
4.404237595511035	5477.907457103278	0.07698088376011983	0.005091472272510983
4.410322247628704	5485.475432374011	0.07439153752141521	0.004976029204297984
4.416397924951423	5493.032244964456	0.07705613100570934	0.00513767316199433
4.422464663905667	5500.577940181179	0.07674608804260839	0.0051393753805012874
4.4285225011790885	5508.112563655583	0.0811937955584241	0.005277172070610289
4.434571471020361	5515.636157985525	0.08375158452653614	0.005362395084422629
4.440611608791073	5523.148767153077	0.08080671885753603	0.00522641017511307
4.4466429491104105	5530.650434216929	0.0786432342990629	0.005165028009060618
4.452665525857212	5538.141201	0.08438984021238288	0.0054550656840311644
4.458679373668431	5545.621111527901	0.08588122843483693	0.005560800770943031
4.464684526353273	5553.090206907056	0.07675610601515977	0.005126605459035263
4.470681017587565	5560.548529337768	0.0760185120011631	0.005075322084864843
4.476668881204835	5567.996120901537	0.08398483472749285	0.005446072476739885
4.482648150697629	5575.433023255758	0.08343527144542826	0.0054155274413685605
4.488618860483856	5582.8592792087775	0.07913114082199532	0.00521158325172618
4.494581043226359	5590.274929386019	0.08093491271652073	0.00527308375680277
4.500534731540895	5597.680014354347	0.07596493751417001	0.0048436424356100224
4.506479958305156	5605.074575006413	0.07800832429081148	0.005160797748567582
4.512416755487552	5612.458651103921	0.07952136304114613	0.005283947061201524
4.518345155101851	5619.832282	0.0829227541002572	0.005446744314731377
4.524265189505064	5627.195509334657	0.07645675059947346	0.005157123378848338
4.530176890119273	5634.548370795117	0.07931223852988203	0.005292758585678527
4.536080287946812	5641.890905406483	0.07803620545695492	0.0052233765231956995
4.541975414963665	5649.223152939883	0.08385293611811759	0.005468160074019435
4.547862302216246	5656.545152010257	0.08675556319185304	0.005615443419819736
4.553740980358141	5663.856940743956	0.07952734554420708	0.005287721634236293
4.559611481330117	5671.158558868306	0.08253625716231802	0.005428388758639024
4.565473835287204	5678.450043889558	0.12168806562976046	0.006968459997094444
4.571328072738689	5685.7314337545895	0.06905660926935278	0.0047666871486841626
4.577174224675807	5693.002767009711	0.06810265084710285	0.004753488439100056
4.583012320094544	5700.264079719583	0.07911791017112386	0.00526179558553642
4.5888423891698995	5707.515409415298	0.08676213567049824	0.005645326955133731
4.594664461896493	5714.756793	0.0876358505350602	0.005690155173572985
4.600478567264506	5721.988267741925	0.08234496272834267	0.0054489181614620925
4.606284734863992	5729.209869233822	0.08623847654151101	0.005658944627230692
4.612082993749864	5736.421634017243	0.09122572999631233	0.005935467664628176
4.617873372	5743.623597394155	0.08624600052160375	0.005682474317383971
4.623655899994198	5750.815796012684	0.08551998040877236	0.005657522882465026
4.629430604762406	5757.998264629859	0.08787715532639438	0.005725556191116382
4.635197515091721	5765.171038671295	0.08545839676811941	0.005721642790959354
4.64095666	5772.334154142712	0.07494103420197427	0.005253196857976987
4.646708066	5779.487644782476	0.08340179579662149	0.005539832195354447
4.652451762955769	5786.631545964888	0.08604256710939566	0.005652960385156335
4.658187777590927	5793.765892526028	0.08327345261149281	0.00552148977734196
4.663916138005546	5800.890718912371	0.0882352163839436	0.005825858834028368
4.669636871457365	5808.006059026574	0.0936422124999971	0.0060829668021127915
4.675350006006948	5815.111947769837	0.08473953280246654	0.005595465036600516
4.681055567987475	5822.208418	0.08032259792632764	0.005442539165364555
4.6867535846724895	5829.295503323992	0.08469774582833077	0.0056347239204978935
4.692444082688801	5836.373237175127	0.08901307230638379	0.00583948920782249
4.6981270885534085	5843.441652429613	0.08706840633119335	0.005746134639660306
4.7038026288768755	5850.500782	0.08031445211997544	0.005401228186018836
4.709470730240486	5857.550659503094	0.07273513584108436	0.005014203893310557
4.715131418210675	5864.591316182433	0.07406890213943414	0.005090424639351025
4.720784718985374	5871.622784807681	0.08362000322584108	0.00554400654727698
4.7264306586217835	5878.645097788289	0.10153491144584656	0.006492437932910556
4.732069262194613	5885.658286311708	0.0974226660276426	0.006333234814423736
4.737700555911099	5892.662382974005	0.08508773701431419	0.005647957172163141
4.743324565214715	5899.657419421288	0.0820024897748835	0.005532063119447529
4.748941314794716	5906.643426361587	0.08605329308958103	0.0057510994778913315
4.754550830243438	5913.620435626167	0.08368737182569594	0.005640416692771405
4.760153136599154	5920.588478357157	0.08738609852427902	0.0058836907026095005
4.765748258020149	5927.547584602175	0.08169605128624115	0.0055882313441071845
4.771336219876261	5934.497785915748	0.08689444429604173	0.005789764864787327
4.7769170464955435	5941.439112556647	0.09089778253947918	0.006049418157150837
4.782490761837331	5948.371594325039	0.05094266171436294	0.0037793921337744845
4.788057390660822	5955.2952620159485	0.07991849307030618	0.005449600394559848
4.793616957087053	5962.210145630665	0.08353260641175606	0.005677689191938282
4.799169485092108	5969.116274990185	0.08689037158763017	0.0058170447224659885
4.804714998773071	5976.013680066009	0.09497884680721293	0.0062302484338086755
4.810253521318399	5982.902389699501	0.09718447815755989	0.006333157500494809
4.815785076258655	5989.782433157532	0.09125940471834997	0.006069025189359931
4.821309687429448	5996.653840086379	0.09402354923569703	0.006164176678411834
4.826827378172739	6003.516639518332	0.08897895117786891	0.0059038587684836765
4.832338171549876	6010.3708601366625	0.09301105217269282	0.006156750839489258
4.837842090947301	6017.216531028983	0.093622841997868	0.006154690344888598
4.8433391590173445	6024.053680369832	0.09022969741582625	0.00598920998800978
4.848829398387509	6030.882336302873	0.08293261380487903	0.00566574576964694
4.854312832194817	6037.702527605496	0.07846499269584663	0.005450668993859113
4.859789482419665	6044.514282	0.09338354775501563	0.006157388066703612
4.865259371686377	6051.317626475594	0.09305796093149984	0.006188484120964463
4.870722523	6058.112590354939	0.09162753312237595	0.006127529382229656
4.8761789572902225	6064.8992006097305	0.08918858201932828	0.005985227547167726
4.881628697	6071.677484258372	0.09389977347202344	0.006266270107811371
4.887071765235942	6078.4474691989335	0.0940864449288101	0.006281629345823893
4.892508182542246	6085.209182266475	0.0924404263558645	0.006119874988582719
4.897937970941624	6091.962650424905	0.08670107214965206	0.005870408671781168
4.9033611524189515	6098.707901018597	0.09574747996806184	0.006322348248882416
4.908777748156689	6105.444960393893	0.07890181483280634	0.0055450475605194815
4.914187779191282	6112.1738547155255	0.08198448651886905	0.005714416515744038
4.919591267036062	6118.894610741371	0.09192809936527052	0.0063177978408993024
4.924988232702574	6125.607254605192	0.08465892744522314	0.005842508285328385
4.930378697316345	6132.311812582519	0.08323012005169152	0.005800704439184775
4.935762682	6139.008311044503	0.08967657644427716	0.006075940051745458
4.941140207563962	6145.696775577068	0.09024256562292456	0.006088621172605733
4.946511294007616	6152.377231352757	0.09681867840122574	0.006434923761712335
4.951875962099809	6159.049704	0.09176267797915642	0.0061698486221541905
4.957234232554301	6165.714219594902	0.08918646301771038	0.006019317418849057
4.962586125402668	6172.370802739637	0.08553757883251248	0.0058601176279694705
4.967931661	6179.019478892065	0.08580632891840663	0.005948170570457955
4.973270859802004	6185.660273385578	0.08910091026028613	0.006080306669635683
4.9786037415459194	6192.2932108780105	0.08765065524771905	0.0060337377491805596
4.983930326588803	6198.918316652741	0.07615648559672626	0.00558674066645763
4.989250634043893	6205.535614482455	0.08595911687835893	0.006017569442894716
4.994564683330036	6212.1451285199455	0.09430367438660563	0.006368820151439226
4.9998724948530695	6218.746884145609	0.0986675521900326	0.0066013593721167265
5.005174088014564	6225.3409054907515	0.08595029048562032	0.005963628749748536
5.010469481768699	6231.927216130223	0.08246615835360564	0.005827577469236387
5.0157586958548706	6238.505840615511	0.07933490941742394	0.005666870355709396
5.021041749008824	6245.076802249781	0.09554677020708359	0.006477570377840473
5.0263186598599185	6251.640124	0.08706663591335549	0.006041068618664162
5.031589449077938	6258.195832	0.09438926956087919	0.006364017201532838
5.036854134743129	6264.743948685484	0.08469298240841396	0.005953824775451733
5.042112735274211	6271.2844966097155	0.0911726628356467	0.006262170185953533
5.0473652705482275	6277.817500681876	0.08957002808163879	0.006195312576029542
5.052611758153626	6284.342982778143	0.09092583683151007	0.006236231039906095
5.0578522166139885	6290.860965937798	0.1150335696434478	0.007422349060109424
5.063086665060582	6297.371473955948	0.08581565119509638	0.006001736392001177
5.068315121552018	6303.874529293556	0.09114092350771145	0.006257535285332137
5.073537603985236	6310.370154210493	0.09937114751327504	0.006693300704001488
5.078754130660052	6316.858371467726	0.08959255921412826	0.006179155885082778
5.083964719457028	6323.339203304762	0.08364323512552553	0.005934836241888519
5.0891693881498234	6329.812671828139	0.0915590279077076	0.006275056768471488
5.094368155	6336.278799503918	0.09110379786462466	0.006312377765431659
5.099561037215032	6342.737608476408	0.09829306410236174	0.006689479203417749
5.1047480528608284	6349.1891204736685	0.1012261735347585	0.006780012996164497
5.109929219292724	6355.633357329259	0.11050249841205562	0.0072119049161692645
5.1151045543283225	6362.070341204382	0.10963163701930766	0.007205234915840895
5.120274074797036	6368.500093031141	0.09963033498349622	0.006719233381240139
5.125437798	6374.9226342389065	0.09386631236946326	0.00650393492248722
5.130595741737714	6381.337987235965	0.09828295459536666	0.006717013797171811
5.135747923416974	6387.746173404197	0.10383193104773562	0.007032224399096585
5.140894359985976	6394.147213912906	0.0917242715074173	0.006393511502693557
5.146035068837807	6400.541130395283	0.08276578747128886	0.005986291844866528
5.151170066566105	6406.927943490182	0.09031108712387884	0.00631519757912439
5.1562993697127455	6413.307673772072	0.09083245639398113	0.006384334133429303
5.161422995311459	6419.680342427188	0.09402962574183671	0.006598291985119479
5.166540959834459	6426.045969943358	0.08371145823446209	0.00611808919058893
5.1716532796347465	6432.404576660133	0.086286093085843	0.006223464780427323
5.176759971	6438.756183218197	0.09449833802843048	0.006620676786536273
5.181861051209266	6445.100809961774	0.09564020067961441	0.006661236213873529
5.186956535467311	6451.438476949393	0.0922478490135987	0.006466037709768118
5.192046440375719	6457.769204447413	0.09163096888787862	0.006431427558780275
5.1971307823922945	6464.093013	0.09556084182517009	0.006641797544158276
5.2022095769261325	6470.409921549916	0.0888339531258282	0.006321803151557977
5.207282840643531	6476.719951049169	0.09073946843654696	0.0063866613666425575
5.212350590007398	6483.023121899751	0.09465683871637802	0.006598792821775587
5.217412840565832	6489.319453440091	0.09892804074042286	0.0068543218771544385
5.222469607926663	6495.608965082915	0.10726658432388661	0.007285318800669841
5.2275209079985485	6501.891676615111	0.10784561236041731	0.007278189170176328
5.232566756	6508.167607	0.11397371796700191	0.007550213551319164
5.2376071682361545	6514.436776413128	0.12496195326384518	0.008120162649992565
5.242642159149043	6520.699202921696	0.14710700001149418	0.009218841217978271
5.247671744585567	6526.954906200955	0.17204784163999426	0.010578020055796567
5.252695939559034	6533.203904924173	0.18540566293118885	0.011319577563847386
5.2577147593740285	6539.446218126902	0.24105245452851806	0.014410314773570257
5.262728219383178	6545.681864904452	0.32758932582325573	0.019136930568114167
5.267736334618002	6551.910863952739	0.4886797767882315	0.027923089631256073
5.272739120668205	6558.133234661947	0.5012087620891258	0.02856454531863163
5.277736592776287	6564.348995990406	0.7619609693098662	0.04375845690265913
5.282728765455317	6570.558165989201	0.7220997144702904	0.04149270467504887
5.2877156531474325	6576.760762621186	0.5318684898630072	0.030924280531893004
5.292697270848208	6582.956804537573	0.002984434582541656	0.002506350290471396
5.2976736333360614	6589.14631	0	0.00018657764550542824
5.302644754858875	6595.329297088154	0	0.00018622798399278666
5.307610649884963	6601.505783	0	0.00018587967057793616
5.312571333174521	6607.675787530499	0	0.00018553269747922582
5.317526818537708	6613.839326539438	0	0.00018518705703604466
5.3224771210702695	6619.996419241629	0	0.00018484274155214698
5.327422255695975	6626.147084198975	0	0.00018449974339739336
5.332362236206389	6632.291338565162	0	0.00018415805507344488